ML_CATALOG_NUMBERS,DATA_TYPE,XSIZE,YSIZE
-1,photo,1200,800
100328301,photo,1200,800
100328321,photo,1200,800
100328351,photo,1200,800
100328391,photo,1200,800
100545101,photo,1200,800
100545111,photo,1200,800
100545221,photo,1200,800
101876171,photo,1200,800
101876181,photo,1200,800
101876191,photo,1200,800
101876201,photo,1200,800
101876211,photo,1200,800
101876221,photo,1200,800
101934041,photo,1200,800
101934051,photo,1200,800
101934101,photo,1200,800
102139731,photo,1200,800
102140001,photo,1200,800
102361011,photo,1200,800
102361031,photo,1200,800
102361041,photo,1200,800
102361051,photo,1200,800
102361181,photo,1200,800
102708471,photo,1200,800
102747771,photo,1200,800
102747871,photo,1200,800
102747991,photo,800,1200
102748001,photo,1200,800
102748201,photo,1200,800
102748311,photo,1200,800
102748501,photo,1200,800
102748531,photo,1200,800
102748601,photo,1200,800
102748671,photo,1200,800
102748681,photo,1200,800
102748881,photo,1200,800
102748971,photo,1200,800
102749031,photo,1200,800
102749061,photo,1200,800
105332511,photo,1200,800
105332561,photo,1200,800
105332591,photo,1200,800
105332691,photo,1200,800
105332801,photo,1200,800
105391201,photo,1200,800
105439831,photo,1200,800
105439941,photo,1200,800
105440161,photo,1200,800
107355021,photo,977,651
107355061,photo,1200,800
107355151,photo,1200,800
107355481,photo,1200,800
107355661,photo,1200,800
107355721,photo,1200,800
107355801,photo,1200,800
107356251,photo,1200,800
107408191,photo,1200,800
107408201,photo,1200,800
107408211,photo,1200,800
107408531,photo,1200,800
107408541,photo,1200,800
107408561,photo,1200,800
107408571,photo,1200,800
107408591,photo,1200,800
107412441,photo,1200,800
107521431,photo,1200,800
107521511,photo,1200,800
107521541,photo,1200,800
107521561,photo,1200,800
108149241,photo,1200,797
108149261,photo,1200,800
108435231,photo,1200,800
108435311,photo,1200,800
108435421,photo,1200,800
108805251,photo,1200,800
108805261,photo,1200,800
108806201,photo,1200,800
109480911,photo,1200,800
109481121,photo,1200,800
109534951,photo,1200,800
109535091,photo,1200,800
109535331,photo,797,1200
109562181,photo,1200,800
109562291,photo,1200,800
109562361,photo,1200,800
109562371,photo,1200,800
109562411,photo,1200,800
109562591,photo,1200,800
109562661,photo,1200,797
109562671,photo,1200,800
109562681,photo,1200,800
109565441,photo,1200,800
109565491,photo,1200,800
109565591,photo,1200,800
109565691,photo,1200,800
109937311,photo,1200,800
109937481,photo,1200,800
109947871,photo,1200,800
110707461,photo,1200,800
110707481,photo,1200,800
110707501,photo,1200,800
110707521,photo,1200,800
111085521,photo,1200,800
111092651,photo,1200,800
115214161,photo,1200,800
115214181,photo,1200,800
115214191,photo,1200,800
115214201,photo,1200,800
118099411,photo,1200,800
118099621,photo,1200,800
118099661,photo,1200,800
118099681,photo,1200,800
118099711,photo,1200,800
118099751,photo,1200,800
118100011,photo,1200,800
118154761,photo,1200,800
118154851,photo,1200,800
118154891,photo,1200,800
118154901,photo,1200,800
118281751,photo,1200,800
118281781,photo,1200,800
118281791,photo,1200,800
118281801,photo,1200,800
118281811,photo,1200,800
118281821,photo,1200,800
118281831,photo,1200,797
118281861,photo,1200,800
118281891,photo,1200,800
118283291,photo,1200,800
118283301,photo,1200,800
118287331,photo,1200,800
118288191,photo,1200,800
120178771,photo,1200,800
121202121,photo,1200,800
121242111,photo,1200,800
121247351,photo,1200,800
121247361,photo,1200,800
121247371,photo,1200,800
121250351,photo,1200,800
121250391,photo,1200,800
122487111,photo,1200,800
122487171,photo,1200,800
122487281,photo,1200,800
122487291,photo,1200,800
122487311,photo,1200,800
123079471,photo,1200,800
123079771,photo,1200,800
123083781,photo,1200,800
123083921,photo,1200,800
123083951,photo,1200,800
123084041,photo,1200,800
123084051,photo,1200,800
123170151,photo,1200,800
124110541,photo,1200,800
124110561,photo,1200,800
124110571,photo,1200,800
124110581,photo,1200,800
124110621,photo,1200,800
124110701,photo,1200,800
124110781,photo,1200,800
124110821,photo,1200,800
124110861,photo,1200,800
125277061,photo,1200,800
125277191,photo,1200,800
125277271,photo,1200,800
130728611,photo,1200,800
130728621,photo,1200,800
130728731,photo,1200,800
130736371,photo,1200,800
131445411,photo,1200,800
131445471,photo,1200,922
132014381,photo,1200,800
132014461,photo,1200,800
132014471,photo,1200,800
132014481,photo,1200,800
132401021,photo,800,1200
134897681,photo,1200,800
134897711,photo,1200,800
134897721,photo,1200,800
134897771,photo,1200,800
134898491,photo,1200,797
137499231,photo,1200,797
137499281,photo,797,1200
137499321,photo,1200,800
137499341,photo,1200,797
137499441,photo,1200,797
139818801,photo,1200,799
139818831,photo,1200,814
142423351,photo,1200,800
142423361,photo,1200,800
143853701,photo,1200,800
143853711,photo,1200,800
143856401,photo,1200,800
143856441,photo,1200,800
143856451,photo,1200,797
143856501,photo,1200,797
143856531,photo,1200,800
143856541,photo,1200,800
143856551,photo,1200,800
143856561,photo,1200,797
143856571,photo,1200,800
143856581,photo,1200,800
143857411,photo,1200,800
143863941,photo,1200,800
143863951,photo,1200,800
143863961,photo,1200,800
143863981,photo,1200,797
143863991,photo,1200,800
143864001,photo,1200,800
143864021,photo,1200,800
143864051,photo,1200,800
143864061,photo,1200,800
143864101,photo,1200,800
143864111,photo,1200,800
143864141,photo,1200,800
143864151,photo,1200,800
143864161,photo,1200,800
143869191,photo,1200,800
143869201,photo,1200,800
143869221,photo,1200,800
143869231,photo,1200,800
143869291,photo,1200,800
143869301,photo,1200,800
143869321,photo,1200,800
143869341,photo,1200,800
143869351,photo,1200,800
143869391,photo,1200,800
143869401,photo,1200,800
147505061,photo,1200,800
147505321,photo,1200,800
147505581,photo,800,1200
147505651,photo,1200,800
149863141,photo,1200,800
149863221,photo,1200,800
150152861,photo,800,1200
150152881,photo,1200,800
150152891,photo,1200,797
150152901,photo,1200,800
150152911,photo,1200,797
150152921,photo,1200,800
150152941,photo,1200,800
150152991,photo,1200,800
150153101,photo,1200,800
150153111,photo,1200,800
150153121,photo,1200,800
150408741,photo,1200,800
150593741,photo,1200,800
150593931,photo,1200,800
150594531,photo,1200,800
150594721,photo,1200,797
150594951,photo,1200,797
150711451,photo,1200,800
150711461,photo,1200,800
150711661,photo,1200,800
150711671,photo,1200,800
150711811,photo,1200,800
150711821,photo,1200,800
150711831,photo,1200,800
150711841,photo,1200,800
150711851,photo,1200,800
150711951,photo,1200,797
150712091,photo,1200,797
150712111,photo,1200,800
150727911,photo,1200,800
152918561,photo,1200,900
152918571,photo,1200,900
152918581,photo,1200,900
154306491,photo,1200,800
154306501,photo,1200,800
154306511,photo,1200,800
154306621,photo,1200,800
154306641,photo,1200,800
154306651,photo,800,1200
154541451,photo,1200,900
154542481,photo,1200,900
154542541,photo,1200,311
154542791,photo,522,1200
154544361,photo,1200,659
154544551,photo,820,912
154544861,photo,1200,798
154548831,photo,1200,464
154550541,photo,963,1200
154551061,photo,1200,900
154551281,photo,1200,1016
155021771,photo,1200,800
155021831,photo,1200,800
155021931,photo,1200,800
155022001,photo,1200,800
155111851,photo,1200,789
155111871,photo,1200,778
158492341,photo,1200,800
158492361,photo,1200,800
158492421,photo,1200,800
159601681,photo,1200,800
159601701,photo,1200,800
159601781,photo,1200,800
159601831,photo,1200,800
159601951,photo,1200,800
159602241,photo,1200,800
161683941,photo,1200,800
161684021,photo,1200,800
161684271,photo,1200,800
161684411,photo,1200,800
161684421,photo,1200,800
161684461,photo,1200,800
161918011,photo,1200,800
161918021,photo,1200,800
161918071,photo,1200,800
161918121,photo,1200,800
164012681,photo,1200,800
164012701,photo,1200,800
164012711,photo,1200,800
164012721,photo,1200,800
164654621,photo,1200,797
164654631,photo,1200,797
165540001,photo,1200,797
165540081,photo,1200,797
165540091,photo,1200,797
165540111,photo,1200,797
165815091,photo,1200,797
165815141,photo,1200,797
165815201,photo,1200,797
165815221,photo,1200,797
165815231,photo,1200,797
165815241,photo,1200,797
165815251,photo,1200,797
165815261,photo,1200,797
166075251,photo,1200,797
166075431,photo,1200,797
166075521,photo,1200,797
166075621,photo,1200,797
166075661,photo,1200,797
166075671,photo,1200,797
166075751,photo,1200,797
166075761,photo,1200,797
166075771,photo,1200,797
166166451,photo,1200,797
166166511,photo,1200,797
166166521,photo,1200,797
166166551,photo,1200,797
166166571,photo,1200,797
166166611,photo,1200,797
166168491,photo,1200,797
166175481,photo,1200,797
166456181,photo,1200,797
166519721,photo,1200,797
166590121,photo,1200,797
166590211,photo,1200,797
166590241,photo,1200,797
166719431,photo,1200,797
166854131,photo,1200,797
166854151,photo,1200,797
166933871,photo,1200,797
166933941,photo,1200,797
166933951,photo,1200,797
166933961,photo,1200,797
166933971,photo,1200,797
166933991,photo,1200,797
166971131,photo,1200,797
167070831,photo,1200,797
167070841,photo,1200,797
167070851,photo,1200,797
167070991,photo,1200,797
167225001,photo,1200,797
167225011,photo,1200,797
167225021,photo,1200,797
167225041,photo,797,1200
167225291,photo,1200,797
167225381,photo,1200,796
167225431,photo,1200,797
167515971,photo,1200,797
167516001,photo,1200,797
167516021,photo,1200,797
167516031,photo,1200,797
167567061,photo,1200,797
167567101,photo,1200,797
167567931,photo,1200,797
167567991,photo,1200,797
167568171,photo,1200,797
167568181,photo,1200,797
167568551,photo,1200,797
167569051,photo,1200,797
167569341,photo,1200,797
167569431,photo,1200,797
168185071,photo,1200,798
168565741,photo,1200,798
169216091,photo,1200,797
169216101,photo,1200,797
169216111,photo,1200,797
169216191,photo,1200,797
169216291,photo,1200,797
170290661,photo,1200,797
170290691,photo,1200,797
170290721,photo,1200,797
177398261,photo,1200,797
177398321,photo,1200,797
177398331,photo,1200,797
177398371,photo,1200,797
177398451,photo,1200,797
177398581,photo,1200,797
177398621,photo,1200,797
177398671,photo,1200,797
177398681,photo,1200,797
177398691,photo,1200,797
177501471,photo,1200,797
177501481,photo,1200,797
179924811,photo,1200,798
179924861,photo,1200,798
180386291,photo,1200,797
180386321,photo,1200,797
180386431,photo,1200,797
180786541,photo,1200,797
181504671,photo,1200,797
184801711,photo,741,492
184801751,photo,1200,796
184880661,photo,1200,797
184880691,photo,1200,797
184880701,photo,1200,797
184880791,photo,1200,797
184880811,photo,1200,797
184880831,photo,1200,797
184880841,photo,1200,797
184880871,photo,1200,797
185425821,photo,1200,797
185706861,photo,1200,797
185706921,photo,1200,797
185771231,photo,1200,797
185771241,photo,1200,797
185774531,photo,1200,797
187153351,photo,1200,797
187153371,photo,1200,797
187153381,photo,1200,797
187153411,photo,1200,797
187153421,photo,1200,797
187527441,photo,1200,816
187527681,photo,1200,831
187528201,photo,1200,816
188418921,photo,1200,797
188419041,photo,1200,797
188419111,photo,1200,797
188419151,photo,1200,797
188419161,photo,1200,797
188419231,photo,1200,797
188419271,photo,1200,797
188503691,photo,1200,797
188503701,photo,1200,797
188503721,photo,1200,797
188503771,photo,1200,797
188503781,photo,1200,797
188503791,photo,1200,797
188503801,photo,1200,797
189693561,photo,1200,800
190320821,photo,1200,797
190364161,photo,1200,797
191945481,photo,1200,797
194210591,photo,1200,797
194210621,photo,1200,797
196782891,photo,1200,797
196782901,photo,1200,797
203091371,photo,1200,797
20473761,photo,1200,800
20474041,photo,1200,675
20474601,photo,1200,797
20474801,photo,1200,800
20475001,photo,1200,800
20475041,photo,1200,800
20475051,photo,1200,800
20475061,photo,1200,800
20478481,photo,1200,800
20478491,photo,1200,800
20478521,photo,1200,800
20478781,photo,1200,800
20478801,photo,1200,800
20478821,photo,1200,800
20478851,photo,1200,800
20478881,photo,1200,800
20478901,photo,1200,797
20498181,photo,1200,797
20498191,photo,1200,800
20505321,photo,1200,800
20505331,photo,1200,800
20505341,photo,1200,800
207328861,photo,1200,797
207329051,photo,1200,797
207329161,photo,1200,797
207329391,photo,1200,797
207329401,photo,1200,797
207329411,photo,1200,797
209705851,photo,1200,797
209876581,photo,1200,797
209876631,photo,1200,797
209876641,photo,1200,797
209876671,photo,1200,797
209876711,photo,1200,797
209876781,photo,1200,797
21082521,photo,1200,798
21082531,photo,1200,798
21082541,photo,1200,798
21082551,photo,798,1200
21082561,photo,1200,798
21082591,photo,1200,798
21082601,photo,1200,798
21082611,photo,798,1200
21082621,photo,1200,798
21082631,photo,1200,798
21082641,photo,1200,798
21082651,photo,1200,798
21082661,photo,1200,798
21082671,photo,1200,676
21082681,photo,1200,798
21082691,photo,1200,800
21082701,photo,1200,798
21082711,photo,1200,798
21082721,photo,1200,798
21082731,photo,1200,798
21082741,photo,1200,800
21082751,photo,917,1200
21082761,photo,1200,800
21082771,photo,1041,694
21082781,photo,1200,800
21082831,photo,1200,675
21082841,photo,1200,800
21082851,photo,1200,787
21082861,photo,1200,800
21082871,photo,1200,675
21082881,photo,1200,800
21082891,photo,1200,675
21082901,photo,1200,675
21082911,photo,1200,800
21083301,photo,1200,797
21083311,photo,1200,800
21083321,photo,1200,800
21083331,photo,1200,800
21083361,photo,1200,800
21083371,photo,1200,800
21083381,photo,1200,800
21083391,photo,1200,800
21083401,photo,1200,797
21098951,photo,1200,800
21099071,photo,1200,798
21099081,photo,1200,798
21099091,photo,1200,755
21099101,photo,1200,800
21099121,photo,1200,904
21099171,photo,1200,800
21099191,photo,1200,800
21099211,photo,1200,900
21099231,photo,1200,798
21099261,photo,1200,798
21099331,photo,1200,800
21099381,photo,1200,800
21099451,photo,1200,799
21099511,photo,1200,800
21099521,photo,798,1200
21099531,photo,1200,798
21099541,photo,1200,798
21099561,photo,1200,800
21099601,photo,800,1200
21099631,photo,1200,788
21099651,photo,1200,678
21099671,photo,1200,800
21099711,photo,1200,798
21099721,photo,1200,798
21099741,photo,1200,811
21099751,photo,1200,734
21099761,photo,1200,800
21099771,photo,1200,747
21099781,photo,1200,798
21099811,photo,1200,800
21099821,photo,1200,798
21099831,photo,1200,798
21099841,photo,1200,798
21099921,photo,1200,797
21099931,photo,1200,797
21099941,photo,1200,797
21099971,photo,1200,798
21099981,photo,1200,798
21099991,photo,1200,800
21100091,photo,1200,798
21100131,photo,1200,800
21100151,photo,1200,800
21100191,photo,800,1200
21100201,photo,1200,800
21100241,photo,1200,798
21100291,photo,798,1200
21100301,photo,798,1200
21100311,photo,798,1200
21100331,photo,1200,798
21100351,photo,1200,900
21100401,photo,798,1200
21100421,photo,800,1200
21100431,photo,800,1200
21100451,photo,913,1200
21100471,photo,1200,684
21100481,photo,977,1200
21100501,photo,1200,798
21100561,photo,800,1200
21100571,photo,1200,798
21100581,photo,1089,907
21100671,photo,1200,800
21100701,photo,1200,797
21100721,photo,1200,800
21100731,photo,1200,800
21100761,photo,1200,635
21100851,photo,1200,800
21100871,photo,1200,800
21100941,photo,1200,800
21100951,photo,1200,800
21100961,photo,1200,800
21100971,photo,1200,800
21101001,photo,1200,664
21101011,photo,1200,653
21101021,photo,1200,798
21101031,photo,987,656
21101041,photo,1200,798
21101081,photo,798,1200
21101091,photo,1200,857
21101101,photo,1200,798
21101111,photo,1200,798
21101121,photo,1200,798
21101141,photo,1200,798
21101151,photo,1200,798
21101161,photo,1200,798
21101171,photo,1200,798
21101191,photo,1200,798
21101231,photo,1200,798
21101241,photo,1200,798
21101281,photo,1200,798
21101291,photo,1200,798
21101301,photo,1200,798
21101311,photo,1200,798
21101331,photo,1200,798
21101351,photo,1200,798
21101371,photo,1200,798
21101391,photo,1200,798
21101401,photo,1200,798
21101411,photo,1200,800
21101421,photo,1200,798
21101431,photo,1200,798
21101441,photo,1200,798
21101451,photo,1200,901
21101611,photo,1200,737
21101621,photo,1200,757
21101631,photo,1200,497
21101641,photo,1200,739
21101651,photo,1200,781
21101661,photo,1200,798
21101711,photo,798,1200
21101721,photo,1200,798
21101771,photo,1200,798
21101791,photo,1200,798
21101801,photo,798,1200
21101811,photo,1200,798
21101821,photo,1200,798
21101881,photo,1200,514
21101941,photo,1200,800
21101951,photo,1200,800
21101981,photo,1200,800
21102001,photo,800,1200
21102021,photo,1200,800
21102041,photo,1200,800
21102051,photo,1200,800
21102061,photo,1200,797
21102071,photo,1200,800
21102081,photo,1200,800
21102091,photo,1200,800
21102111,photo,1200,800
21102121,photo,1200,800
21102141,photo,1200,621
21102171,photo,1200,800
21102181,photo,1200,800
21111581,photo,1200,797
21111591,photo,1200,800
21111601,photo,800,1200
21111611,photo,1200,800
21111631,photo,1200,800
21111641,photo,1200,797
21111651,photo,1200,798
21111661,photo,1200,798
21111671,photo,1200,798
21111681,photo,966,642
21111691,photo,1200,800
21111701,photo,1200,800
21111711,photo,1200,800
21111721,photo,1200,800
21111751,photo,1200,797
21111761,photo,1200,800
21111781,photo,797,1200
21111791,photo,1200,797
21111801,photo,797,1200
21111811,photo,1200,797
21111821,photo,1200,800
21111831,photo,1200,800
21111841,photo,1200,800
21111851,photo,1200,800
21111861,photo,1200,797
21111871,photo,1200,800
21111881,photo,1200,797
21111891,photo,1200,797
21111901,photo,798,1200
21111911,photo,1200,798
21111921,photo,1200,798
21111931,photo,1200,675
21111941,photo,1200,800
21111961,photo,1200,800
21111971,photo,657,438
21111981,photo,1200,800
21111991,photo,1200,800
21112001,photo,1200,675
21112011,photo,798,1200
21112021,photo,1200,798
21112031,photo,1200,798
21112051,photo,1200,800
21112061,photo,1200,797
21112081,photo,1200,797
21112091,photo,1200,802
21112111,photo,1200,800
21112121,photo,1200,800
21112131,photo,1200,800
21112141,photo,1200,800
21112171,photo,1200,800
21112181,photo,800,1200
21112191,photo,1200,632
21112201,photo,1200,483
21112211,photo,1200,544
21112221,photo,920,1200
21112231,photo,1200,798
21112241,photo,1200,800
21112251,photo,1200,797
21112271,photo,1200,798
21112281,photo,1200,798
21112291,photo,1200,798
21112311,photo,1200,798
21112321,photo,1200,798
21112331,photo,1200,798
21112351,photo,1200,798
21112361,photo,1200,798
21112381,photo,1200,798
21112391,photo,797,1200
21112401,photo,800,1200
21112411,photo,800,1200
21112421,photo,1200,800
21112431,photo,1200,800
21112441,photo,1200,800
21112451,photo,1200,800
21112461,photo,1200,800
21112471,photo,1200,797
21112481,photo,797,1200
21112491,photo,1200,800
21112501,photo,1200,800
21112511,photo,1200,800
21112531,photo,1200,800
21112541,photo,1200,800
21112551,photo,1200,798
21112561,photo,1200,798
21112581,photo,1200,798
21112591,photo,798,1200
21112611,photo,1200,798
21112621,photo,1040,691
21112631,photo,1200,798
21112641,photo,1200,798
21112651,photo,1200,720
21112661,photo,1200,720
21112671,photo,1200,800
21112681,photo,1200,800
21112691,photo,1200,800
21112701,photo,1200,800
21112841,photo,1200,798
21112851,photo,1200,798
21112861,photo,1200,798
21117911,photo,1200,797
21117921,photo,1200,800
21117941,photo,1200,800
21117951,photo,1200,800
212761811,photo,449,298
212761821,photo,551,366
212761831,photo,820,545
212761841,photo,766,509
212761851,photo,532,353
212761871,photo,844,560
213069201,photo,1200,797
213069221,photo,1200,797
213069251,photo,1200,797
213069281,photo,1200,797
213069341,photo,1200,797
213069361,photo,1200,797
213069391,photo,1200,797
213069471,photo,1200,797
213069481,photo,1200,797
213069501,photo,1200,797
213069531,photo,1200,797
213069561,photo,1200,797
213069591,photo,1200,797
213069701,photo,1200,797
213069711,photo,1200,797
213076431,photo,1200,797
213076461,photo,1200,797
213076481,photo,1200,797
213076491,photo,1200,797
213076541,photo,1200,797
213076551,photo,1200,797
213076561,photo,1200,797
213076591,photo,1200,797
213076601,photo,1200,797
213083011,photo,797,1200
213083201,photo,1200,800
213084301,photo,1200,798
213362331,photo,1200,797
213362351,photo,1200,797
213362361,photo,1200,797
213362381,photo,1200,797
213362441,photo,1200,797
213362461,photo,1200,797
213362481,photo,1200,797
213363201,photo,1200,797
213363601,photo,1200,797
213363991,photo,1200,797
213364031,photo,1200,797
213364601,photo,1200,797
213364641,photo,1200,797
213365241,photo,1200,797
213365531,photo,1200,797
213366941,photo,860,571
213366981,photo,1200,797
213627371,photo,1200,797
213627411,photo,1200,797
213627431,photo,1200,797
213627471,photo,1200,797
213627481,photo,1200,797
213627491,photo,1200,797
213653381,photo,1200,797
213653461,photo,1200,797
213653481,photo,1200,797
213653491,photo,1200,797
213653501,photo,1200,797
213653521,photo,1200,797
213653591,photo,1200,797
213653641,photo,1200,797
213653731,photo,1200,797
213653771,photo,1200,797
213654021,photo,1200,797
213654031,photo,1200,797
213697951,photo,1200,797
213697961,photo,1200,797
213697981,photo,1200,797
213698061,photo,1200,797
213698071,photo,1200,797
213698081,photo,1200,797
213698131,photo,1200,797
213698151,photo,1200,797
213698161,photo,1200,797
213866051,photo,1200,797
213866061,photo,1200,797
213867441,photo,1200,797
213867451,photo,1200,797
213867461,photo,1200,797
214039991,photo,1200,797
214040131,photo,1200,797
214040141,photo,1200,797
214040161,photo,1200,797
214040601,photo,1200,797
214040711,photo,1200,797
214046071,photo,1200,797
214107811,photo,1200,797
214297901,photo,1200,797
214297941,photo,1200,797
214297971,photo,1200,797
214297981,photo,1200,797
214297991,photo,1200,797
214298001,photo,1200,797
214298031,photo,1200,797
214298241,photo,1200,797
214298301,photo,1200,797
214552701,photo,1200,797
214552721,photo,1200,797
214757311,photo,1200,797
214757321,photo,1200,797
214757331,photo,1200,797
214757341,photo,1200,797
214757701,photo,1200,797
214757781,photo,1200,797
214757811,photo,1200,797
214757821,photo,1200,797
214757851,photo,1200,797
214840281,photo,1200,797
214840311,photo,1200,797
214840321,photo,1200,797
214840341,photo,1200,797
214840351,photo,1200,797
221214871,photo,1200,797
221215171,photo,1200,797
221215261,photo,1200,797
222904151,photo,1200,797
222904191,photo,1200,797
222904231,photo,1200,797
22361261,photo,1200,675
22361381,photo,1200,800
22361391,photo,1200,800
22361431,photo,1200,800
22361441,photo,1200,800
22361451,photo,1200,799
22361471,photo,1200,800
22361481,photo,1200,800
22361541,photo,1200,600
22361551,photo,1200,800
22361561,photo,1200,798
22361571,photo,800,1200
22361581,photo,1200,800
22361591,photo,1200,800
22361601,photo,1200,800
22361611,photo,1200,800
22361621,photo,1200,798
22361631,photo,800,1200
22361711,photo,800,1200
22361721,photo,800,1200
22361731,photo,800,1200
22361761,photo,800,1200
22361951,photo,1200,797
22361991,photo,1200,977
22362141,photo,1200,803
22362151,photo,1200,797
22362171,photo,1200,717
22362181,photo,1200,797
22362191,photo,1200,797
22362201,photo,1200,797
22362211,photo,1200,797
22362251,photo,1200,797
22362271,photo,1200,797
22362321,photo,1200,800
22362331,photo,1200,799
22362341,photo,1200,800
22362351,photo,1200,800
22362371,photo,1200,800
22362381,photo,1200,800
22362391,photo,1200,797
22362451,photo,1200,797
22362481,photo,1200,800
22362491,photo,1200,797
22362501,photo,1200,800
22362511,photo,1200,797
22362521,photo,1200,797
22362531,photo,1200,798
22362541,photo,1200,798
22362571,photo,1200,798
22362591,photo,1200,798
22362601,photo,1200,798
22362611,photo,1200,798
22363901,photo,1200,800
22363921,photo,1200,800
22363941,photo,1200,800
22363961,photo,1200,800
22366471,photo,1200,759
22366481,photo,1200,600
22366491,photo,1200,800
22366501,photo,1200,600
22366541,photo,1200,900
22366571,photo,1200,900
22366591,photo,1200,900
22366641,photo,1200,900
22366651,photo,1200,900
22366661,photo,1200,900
22366711,photo,1200,798
22366761,photo,1200,798
22366771,photo,1200,798
22366781,photo,1200,798
22366841,photo,1200,800
22366881,photo,1200,798
22366891,photo,1200,798
22366911,photo,1200,798
22366931,photo,1200,798
22366941,photo,1200,798
22366971,photo,798,1200
22366981,photo,1200,798
22366991,photo,1200,798
22367011,photo,798,1200
22367031,photo,798,1200
22367051,photo,1200,798
22367061,photo,1200,798
22367071,photo,798,1200
22367091,photo,1200,798
22367101,photo,1200,798
22367111,photo,798,1200
22367141,photo,1200,798
22367151,photo,1200,798
22367161,photo,798,1200
22367261,photo,1200,647
22367271,photo,1200,797
22367391,photo,563,1200
22367401,photo,1200,809
22367411,photo,1200,600
22367421,photo,1200,656
22367431,photo,1200,812
22367551,photo,1200,797
22367581,photo,1200,711
22367631,photo,1200,797
22368211,photo,800,1200
22368281,photo,1200,798
22368291,photo,1200,800
22368301,photo,1200,798
22368321,photo,1200,800
22368341,photo,1200,798
22368351,photo,1200,800
22368411,photo,1200,798
22368451,photo,1200,413
22368461,photo,1200,798
22368471,photo,1200,798
22368481,photo,1200,800
22368491,photo,1200,800
22368521,photo,1200,798
22368531,photo,1200,798
22368541,photo,1200,798
22368601,photo,1200,800
22368611,photo,1200,800
22368621,photo,1200,800
22368641,photo,1200,800
22368651,photo,1200,800
22368661,photo,1200,800
22368681,photo,640,480
22368731,photo,1200,798
22368761,photo,1200,600
22368771,photo,1200,600
22368781,photo,1200,600
22368811,photo,1200,800
22368821,photo,1200,800
22368831,photo,1200,800
22368921,photo,1200,800
22368961,photo,1200,800
22369011,photo,1200,800
22369021,photo,1200,800
22369031,photo,1200,900
22369041,photo,1200,800
22369081,photo,1200,800
22369091,photo,1200,800
22369101,photo,1200,800
22369131,photo,1200,800
22369161,photo,1200,800
22369231,photo,1200,800
22369281,photo,1200,797
22369291,photo,1200,800
22369301,photo,1200,800
22369311,photo,1200,800
22369391,photo,1200,800
22369401,photo,1200,800
22369461,photo,1200,798
22369471,photo,1200,798
22369491,photo,1200,800
22369521,photo,1200,798
22369561,photo,1200,798
22369611,photo,1200,798
22369621,photo,1200,798
22369681,photo,1200,816
22369691,photo,1200,798
22369721,photo,1200,831
22369731,photo,1200,798
22369741,photo,1200,798
22369811,photo,1200,799
22369831,photo,1200,798
22369841,photo,797,1200
22369851,photo,798,1200
22369881,photo,1200,798
22369911,photo,1106,737
22369981,photo,1200,800
22370001,photo,1200,799
22370041,photo,1200,800
22370051,photo,1200,799
22370061,photo,1200,799
22370071,photo,1200,800
22370181,photo,798,1200
22370291,photo,1200,800
22370381,photo,1200,798
22370471,photo,1200,800
22374771,photo,1200,940
22374781,photo,1200,800
22374791,photo,1200,800
22374891,photo,1200,800
22374931,photo,1200,800
22374951,photo,800,1200
22375001,photo,800,1200
22375011,photo,1200,800
22375021,photo,1200,800
22375071,photo,1200,800
22375081,photo,1200,800
22375091,photo,800,1200
22375111,photo,800,1200
22375121,photo,1200,800
22375131,photo,1200,800
22375261,photo,1200,800
22375361,photo,800,1200
22375381,photo,1200,800
22375401,photo,1200,800
22375411,photo,800,1200
22375421,photo,800,1200
22375451,photo,1200,800
22375461,photo,1200,800
22376161,photo,1200,469
22376201,photo,1200,688
22376211,photo,798,1200
22376221,photo,1200,798
22376231,photo,1200,718
22376241,photo,1200,534
22376261,photo,1200,472
22376291,photo,1200,798
22376301,photo,1200,797
22376321,photo,1200,837
22376331,photo,1200,798
22376351,photo,1200,798
22376361,photo,1200,798
22376371,photo,1200,798
22376381,photo,1200,798
22376391,photo,1200,798
22376431,photo,1200,798
22376451,photo,798,1200
22376471,photo,793,1200
22376491,photo,1200,798
22376501,photo,1200,798
22376721,photo,1200,800
22376741,photo,800,1200
22376751,photo,1200,800
22376781,photo,800,1200
22376851,photo,1200,800
22376921,photo,1200,800
22376931,photo,1200,797
22376951,photo,1200,797
22377021,photo,1200,798
22377031,photo,1200,548
22377061,photo,1200,798
22377071,photo,1200,736
22377081,photo,1200,798
22377121,photo,1200,800
22377151,photo,1200,800
22389371,photo,1200,798
22389381,photo,1200,798
22389391,photo,1200,830
22389401,photo,1200,798
22389411,photo,1200,798
22389421,photo,1200,798
22389821,photo,1156,856
22389841,photo,1200,1068
22390971,photo,1200,798
22390991,photo,1200,798
22391011,photo,1200,798
22391041,photo,798,1200
22391331,photo,1200,798
22391341,photo,1200,798
22391361,photo,1200,798
22391371,photo,1200,798
22391391,photo,1200,798
22392431,photo,1200,798
22392441,photo,1200,798
22392451,photo,1200,798
22392481,photo,1200,798
22392501,photo,1200,800
22392511,photo,1200,737
22392541,photo,1200,798
22392561,photo,1200,798
22392581,photo,1200,798
22392591,photo,1200,798
22393771,photo,1200,798
22393781,photo,798,1200
22393791,photo,1200,798
22393801,photo,798,1200
22393841,photo,1200,800
22393861,photo,1200,800
22393871,photo,1200,800
22393901,photo,1200,800
22393921,photo,1200,798
22393951,photo,1200,800
22393961,photo,800,1200
22393971,photo,1200,800
22393991,photo,800,1200
22394001,photo,800,1200
22394011,photo,1200,800
22394021,photo,1200,800
22394041,photo,1200,675
22394051,photo,800,1200
22394081,photo,1200,800
22394091,photo,1200,800
22394101,photo,1200,800
22394111,photo,1200,800
22394151,photo,1200,797
22394171,photo,1200,800
22394191,photo,1200,798
22394211,photo,1200,798
22394221,photo,798,1200
22394231,photo,1200,798
22394251,photo,798,1200
22394261,photo,1200,798
22394281,photo,1200,798
22394291,photo,1200,798
22394351,photo,661,1200
22394361,photo,1200,798
22394431,photo,1200,933
22394441,photo,1200,798
22394451,photo,1200,837
22394461,photo,1200,798
22394471,photo,1200,972
22394701,photo,1200,800
22394721,photo,1200,800
22394731,photo,1200,797
22394741,photo,1200,797
22395061,photo,1200,797
22395071,photo,1200,797
22395111,photo,1200,797
22395121,photo,1200,800
22395131,photo,1200,800
22395141,photo,1200,800
22395151,photo,1200,800
22395171,photo,1200,797
22396201,photo,1200,800
22396211,photo,1200,800
22396461,photo,1200,674
22396481,photo,1200,798
22396501,photo,1200,798
22396601,photo,1200,798
22396611,photo,1200,798
22396621,photo,1200,798
22396631,photo,1200,800
22396651,photo,1200,800
22396661,photo,1200,800
22396671,photo,1200,800
22396701,photo,1200,800
22396711,photo,1200,800
22396731,photo,1200,799
22396761,photo,1200,800
22396771,photo,1200,800
22396781,photo,1200,800
22396791,photo,1200,800
22396801,photo,1200,800
22396821,photo,1200,800
22396831,photo,1200,675
22396841,photo,800,1200
22396851,photo,1200,800
22396861,photo,1200,675
22396871,photo,1200,675
22396881,photo,1200,675
22396891,photo,1200,800
22396901,photo,1200,675
22396941,photo,824,1200
22396951,photo,800,1200
22396961,photo,1200,799
22396971,photo,1200,800
22396981,photo,800,1200
22397001,photo,1200,800
22397011,photo,1200,800
22397021,photo,1200,800
22397031,photo,1200,800
22397041,photo,1200,800
22397051,photo,800,1200
22397301,photo,1200,713
22397311,photo,1200,799
22397351,photo,797,1200
22397361,photo,1200,797
22397371,photo,1200,798
22397381,photo,1200,798
22397391,photo,1200,798
22397401,photo,1200,798
22399331,photo,1200,674
22399371,photo,1200,800
22399421,photo,1200,800
22399461,photo,800,1200
22399471,photo,826,1200
22399481,photo,1200,800
22399491,photo,1200,800
22399501,photo,800,1200
22399531,photo,1200,800
22399551,photo,1200,800
22399561,photo,1200,800
22399571,photo,1200,800
22399581,photo,1200,798
22399591,photo,1200,649
22399611,photo,800,1200
22399621,photo,800,1200
22399651,photo,1200,798
22401381,photo,1200,900
22401401,photo,624,1200
22401421,photo,1200,942
22401431,photo,1200,900
22401531,photo,1200,600
22401551,photo,1200,800
22401581,photo,1200,900
22401591,photo,1200,900
22401601,photo,1200,900
22401611,photo,1200,900
22404771,photo,1200,798
22404851,photo,1200,800
22404861,photo,1200,800
22404881,photo,1200,797
22404901,photo,797,1200
22404941,photo,1200,800
22404951,photo,1200,797
22405061,photo,1200,800
22405101,photo,1200,657
22405111,photo,1200,685
22405121,photo,1200,811
22407211,photo,1200,798
22407221,photo,1200,798
22407231,photo,1200,798
22407241,photo,1200,798
22407271,photo,1200,800
22407281,photo,1200,800
22407291,photo,1200,800
22407311,photo,1200,800
22407341,photo,1200,797
22407351,photo,1200,800
22407391,photo,1200,900
22407401,photo,1200,900
22407411,photo,1200,408
22407451,photo,798,1200
22407481,photo,1200,800
22407491,photo,1200,800
22407501,photo,1200,800
22407511,photo,1200,797
22408181,photo,1200,798
22408211,photo,1200,798
22408221,photo,1200,798
22408231,photo,1200,798
22408241,photo,1200,798
22408261,photo,798,1200
22408361,photo,1200,799
22408381,photo,1200,799
22408401,photo,1200,799
22408501,photo,1200,798
22408511,photo,1200,798
22408521,photo,1200,798
22408531,photo,1200,798
22408571,photo,1200,864
22408611,photo,1200,675
22408621,photo,1200,675
22408641,photo,798,1200
22408671,photo,1200,798
22408691,photo,1200,798
22408701,photo,1200,798
22408711,photo,1200,797
22408981,photo,1200,800
22408991,photo,1200,800
22409161,photo,1200,800
22409171,photo,1200,797
22409221,photo,1200,800
22409251,photo,1200,800
22409301,photo,1200,833
22409341,photo,1200,797
22409351,photo,1200,797
22409461,photo,1200,631
22409511,photo,1200,800
22409551,photo,448,1200
22409561,photo,1200,915
22409571,photo,1200,798
22409621,photo,1200,798
22409631,photo,1200,798
22409641,photo,1200,798
22409661,photo,1200,798
22409681,photo,1200,798
22409731,photo,1200,600
22409751,photo,900,1200
22409801,photo,800,1200
22412251,photo,1200,798
22412271,photo,1200,798
22412281,photo,1200,798
22412301,photo,1200,798
22412321,photo,1200,798
22412331,photo,1200,798
22412361,photo,1200,800
22412371,photo,1200,800
22412381,photo,1200,800
22414471,photo,1200,800
22414501,photo,1200,800
22414541,photo,1200,800
22414581,photo,1200,800
22414601,photo,1200,800
22414661,photo,1200,798
22414721,photo,1200,798
22414731,photo,1200,798
22414981,photo,1200,723
22415011,photo,1200,756
22415021,photo,1200,816
22415151,photo,1200,798
22415161,photo,1200,798
22415171,photo,1200,797
22415201,photo,1200,798
22415211,photo,1200,798
22415241,photo,1200,798
22415291,photo,1200,797
22415401,photo,900,1200
22415411,photo,1200,900
22415421,photo,1200,900
22415471,photo,1200,900
22415501,photo,1200,900
22415541,photo,1200,900
22415611,photo,1200,800
22415661,photo,797,1200
22415671,photo,1200,797
22415681,photo,1200,800
22415731,photo,1200,800
22415751,photo,800,1200
22415771,photo,800,1200
22415781,photo,1200,797
22415791,photo,1200,800
22415851,photo,1200,949
22416131,photo,1200,798
22416151,photo,1200,798
22416171,photo,1200,798
22416211,photo,798,1200
22416221,photo,1200,798
22416231,photo,798,1200
22416261,photo,1200,839
22416341,photo,1200,799
22416491,photo,1200,900
22416501,photo,1200,840
22416551,photo,1200,900
22416561,photo,1200,954
22416601,photo,1200,798
22416691,photo,1200,798
22416751,photo,1200,798
22416781,photo,1200,806
22416841,photo,1200,798
22416851,photo,1200,798
22416861,photo,1200,750
22416871,photo,1200,798
22416891,photo,1200,798
22416901,photo,1200,798
22430541,photo,1200,800
22430561,photo,1200,800
22430571,photo,1200,800
22430611,photo,800,1200
22430651,photo,1200,800
22430691,photo,1200,798
22430701,photo,1200,798
22430721,photo,1200,798
22430771,photo,1200,798
22430781,photo,1200,798
22431761,photo,1200,800
22431771,photo,1200,800
22431791,photo,1200,798
22431931,photo,1200,719
22431961,photo,1200,798
22431981,photo,1200,798
22434171,photo,1200,798
22434181,photo,798,1200
22434211,photo,1200,798
22434231,photo,1200,798
22434261,photo,1200,798
22434271,photo,1200,798
22434311,photo,1200,798
22434321,photo,1200,798
22434331,photo,1200,798
22434351,photo,1200,798
22434381,photo,1200,798
22434391,photo,1200,798
22434411,photo,1200,798
22434431,photo,1200,798
22434441,photo,798,1200
22434491,photo,1200,798
22434511,photo,1200,798
22434571,photo,1200,798
22434581,photo,1200,798
22434601,photo,1200,797
22434611,photo,797,1200
22434651,photo,1200,796
22434661,photo,1200,800
22434691,photo,1200,798
22434701,photo,1200,819
22434711,photo,1200,798
22434721,photo,798,1200
22434731,photo,1200,832
22434771,photo,1200,798
22434861,photo,798,1200
22434881,photo,1200,799
22434921,photo,1200,798
22434941,photo,1200,798
22435071,photo,798,1200
22435171,photo,798,1200
22435311,photo,800,1200
22435371,photo,1200,800
22435381,photo,1200,800
22435421,photo,1200,800
22435431,photo,1200,800
22435471,photo,798,1200
22435551,photo,1200,800
22435561,photo,1200,801
22435571,photo,1200,800
22435601,photo,800,1200
22435611,photo,1200,800
22435641,photo,1200,800
22435651,photo,1200,800
22435661,photo,1200,800
22435681,photo,1200,795
22435841,photo,1200,798
22435851,photo,1200,798
22435861,photo,1200,798
22435871,photo,1200,798
22435881,photo,798,1200
22435901,photo,798,1200
22435911,photo,1200,798
22435921,photo,1200,798
22436041,photo,1200,798
22436051,photo,1200,798
22436061,photo,1200,798
22436101,photo,1200,798
22436131,photo,1200,798
22436141,photo,1200,798
22436151,photo,1200,798
22436161,photo,798,1200
22436171,photo,1200,798
22436211,photo,800,1200
22436231,photo,1200,800
22436241,photo,1200,800
22436251,photo,1200,798
22436261,photo,1200,800
22436461,photo,798,1200
22436471,photo,798,1200
22436481,photo,1200,798
22436491,photo,1200,798
22448041,photo,1200,800
22448051,photo,800,1200
22448061,photo,1200,800
22448091,photo,1200,800
22448101,photo,1200,800
22448151,photo,1200,798
22448181,photo,1200,798
22448191,photo,1200,798
22448201,photo,1200,798
22448261,photo,1200,800
22448281,photo,1200,800
22448351,photo,800,1200
22448471,photo,1200,866
22448501,photo,1200,797
22448561,photo,1200,875
22448581,photo,798,1200
22448591,photo,1200,798
22448641,photo,1200,800
22448661,photo,1200,798
22448671,photo,1200,798
22448721,photo,800,1200
22448811,photo,797,1200
22448821,photo,797,1200
22448871,photo,798,1200
22448891,photo,1200,798
22448921,photo,1200,798
22448931,photo,1200,798
22448951,photo,1200,798
22448971,photo,1200,798
22448981,photo,1200,798
22449001,photo,1200,798
22449011,photo,1200,798
22449051,photo,1200,798
22449071,photo,1200,679
22449081,photo,1200,633
22449101,photo,1200,798
22449111,photo,1200,798
22449191,photo,1200,798
22449211,photo,1200,700
22449241,photo,1200,868
22449251,photo,1200,798
22449291,photo,1200,659
22449341,photo,1200,819
22449351,photo,1200,798
22449361,photo,1200,798
22449381,photo,1200,737
22449461,photo,1200,800
22449471,photo,1200,798
22449481,photo,800,1200
22449511,photo,1200,798
22449521,photo,1200,798
22449551,photo,1200,798
22449561,photo,800,1200
22449571,photo,1200,798
22449641,photo,1200,800
22449651,photo,798,1200
22449671,photo,1200,798
22449691,photo,798,1200
22449701,photo,798,1200
22449841,photo,1200,800
22449851,photo,1200,800
22450031,photo,800,1200
22450071,photo,1200,798
22450081,photo,1200,798
22450141,photo,1200,800
22450171,photo,1200,798
22450231,photo,1200,675
22450281,photo,1200,800
22450291,photo,1200,800
22450321,photo,1200,798
22450361,photo,1200,792
22450391,photo,804,1200
22450441,photo,1124,1200
22450541,photo,800,1200
22450551,photo,1200,800
22450561,photo,1200,800
22450701,photo,1200,797
22450711,photo,1200,800
22450731,photo,1200,800
22450741,photo,1200,800
22450751,photo,800,1200
22450981,photo,1200,800
22451021,photo,1200,798
22451041,photo,1200,798
22451101,photo,1200,798
22451121,photo,749,1200
22451131,photo,800,1200
22451151,photo,1200,800
22451161,photo,1200,800
22451201,photo,1200,675
22451221,photo,1200,798
22451251,photo,1200,799
22451301,photo,800,1200
22451371,photo,1200,798
22451381,photo,1200,798
22451401,photo,1200,1003
22451421,photo,1200,817
22451471,photo,1200,647
22451891,photo,1200,798
22451901,photo,1010,1200
22451921,photo,1200,798
22451931,photo,1200,798
22451941,photo,1200,798
22451951,photo,1200,799
22451971,photo,1200,800
22451981,photo,1200,800
22452061,photo,836,556
22452071,photo,800,1200
22452081,photo,1200,635
22452091,photo,1200,798
22452101,photo,1200,798
22452111,photo,1200,803
22452121,photo,1080,1200
22452161,photo,884,579
22452181,photo,1200,868
22452211,photo,1012,680
22452221,photo,1200,595
22452251,photo,1200,798
22452271,photo,1200,798
22452281,photo,1200,800
22452321,photo,1200,798
22452411,photo,1200,798
22452521,photo,1200,798
22452611,photo,1200,798
22452661,photo,1200,798
22452711,photo,1200,798
22452741,photo,1200,798
22452771,photo,708,1200
22452791,photo,1200,766
22452811,photo,1200,900
22452821,photo,1200,900
22452831,photo,1200,470
22452851,photo,1200,900
22452861,photo,1200,900
22452911,photo,1200,798
22452931,photo,798,1200
22452941,photo,1200,776
22453001,photo,1200,800
22453011,photo,1200,797
22453071,photo,1200,797
22453631,photo,800,1200
22453641,photo,1200,800
22453651,photo,1200,800
22460671,photo,1200,800
22460871,photo,1200,800
22460881,photo,1200,800
22460891,photo,1200,800
22460921,photo,1200,797
22460981,photo,800,1200
22461241,photo,789,1200
22461281,photo,1200,714
22461361,photo,1200,800
22461421,photo,1200,936
22461431,photo,1200,800
22461451,photo,1200,800
22461461,photo,1200,800
22461471,photo,1200,797
22461521,photo,1200,800
22461541,photo,1200,788
22461641,photo,798,1200
22461661,photo,1200,798
22461671,photo,1200,798
22461761,photo,1200,798
22461771,photo,1200,798
22461791,photo,1200,798
22461931,photo,1200,798
22461941,photo,1200,798
22462011,photo,1200,800
22462061,photo,1200,800
22462091,photo,1200,800
22462131,photo,1200,800
22462181,photo,1200,800
22462281,photo,1200,800
22462311,photo,1200,798
22462381,photo,1200,799
22462391,photo,1200,800
22482671,photo,1200,864
22482681,photo,1200,800
22482691,photo,1200,800
22482701,photo,1200,675
22482721,photo,1200,800
22482751,photo,1200,798
22482761,photo,1200,798
22482781,photo,1200,798
22482791,photo,969,1200
22482801,photo,1200,798
22482821,photo,1200,800
22482831,photo,1200,714
22482861,photo,1200,600
22482881,photo,800,1200
22482891,photo,800,1200
22482901,photo,1200,797
22482911,photo,1200,800
22482921,photo,1200,800
22482931,photo,1200,797
22482961,photo,1200,574
22482971,photo,1200,800
22482981,photo,1200,904
22486051,photo,1200,804
22486891,photo,1200,798
22486911,photo,1200,798
22486961,photo,798,1200
22486971,photo,1200,798
22486981,photo,1200,798
22487011,photo,774,1200
22487021,photo,1200,798
22488101,photo,1200,798
22488111,photo,798,1200
22488121,photo,1200,798
22488141,photo,1200,798
22488151,photo,1200,798
22488211,photo,1200,799
22488281,photo,1200,797
22489821,photo,1200,800
22489831,photo,1200,797
22490861,photo,1200,798
22491031,photo,1200,798
22491041,photo,1200,798
22491051,photo,1200,798
22491071,photo,1200,798
22491171,photo,1200,798
22491181,photo,1200,798
22491191,photo,1200,798
22491201,photo,1200,681
22491301,photo,1200,800
22491321,photo,1200,800
22491331,photo,1200,800
22491341,photo,1200,800
22491421,photo,1200,800
22491431,photo,800,1200
22491441,photo,1200,800
22491451,photo,1200,800
22491491,photo,1200,800
22491501,photo,1200,800
22491511,photo,1200,797
22491521,photo,797,1200
22493181,photo,1200,800
22493211,photo,800,1200
22493271,photo,800,1200
22493281,photo,1200,800
22493291,photo,1200,798
22493301,photo,1200,798
22493331,photo,1200,798
22493371,photo,1200,798
22493401,photo,1200,800
22493421,photo,1200,800
22493491,photo,1200,800
22493521,photo,1200,800
22493621,photo,1200,797
22493631,photo,798,1200
22493731,photo,1200,800
22493741,photo,1200,797
22493751,photo,1200,800
22493761,photo,1200,797
22493851,photo,1200,800
22493891,photo,1200,799
22493901,photo,1200,800
22493931,photo,798,1200
22493941,photo,1200,797
22495801,photo,1200,800
22495871,photo,1200,798
22495881,photo,1200,798
22495891,photo,1200,798
22495901,photo,1200,837
22495911,photo,848,1200
22495971,photo,1200,675
22496001,photo,1200,900
22496021,photo,1200,800
22496361,photo,798,1200
22496371,photo,798,1200
22496381,photo,1200,798
22496441,photo,798,1200
22496461,photo,798,1200
22496471,photo,798,1200
22496551,photo,1200,800
22496561,photo,1200,798
22496571,photo,1200,800
22496581,photo,1200,800
22496591,photo,1200,800
22496601,photo,1200,798
22496611,photo,1200,798
22496641,photo,800,1200
22496651,photo,1200,800
22496681,photo,1200,800
22496711,photo,798,1200
22496721,photo,1200,706
22496731,photo,1200,798
22496741,photo,1200,798
22496761,photo,1200,735
22496771,photo,1200,755
22496781,photo,1200,798
22496791,photo,1200,798
22496901,photo,797,1200
22496931,photo,1200,798
22496941,photo,1200,798
22496951,photo,1200,798
22496971,photo,1200,798
22496981,photo,1200,798
22496991,photo,1200,798
22497091,photo,1200,798
22497111,photo,1200,798
22497121,photo,1200,798
22497131,photo,1200,798
22497251,photo,798,1200
22497261,photo,798,1200
22497271,photo,1200,798
22497311,photo,800,1200
22497351,photo,1200,798
22497361,photo,1200,798
22497381,photo,1200,798
22497441,photo,1200,800
22497451,photo,1200,800
22497551,photo,1200,563
22499271,photo,1200,800
22499741,photo,1200,798
22499901,photo,1200,798
22499971,photo,610,911
22502411,photo,1200,800
22502421,photo,1200,800
22502431,photo,1200,675
22502441,photo,1200,800
22502451,photo,1200,800
22502481,photo,1200,800
22502501,photo,1200,800
22502511,photo,1200,800
22502591,photo,1200,675
22502661,photo,1200,797
22502671,photo,1077,716
22502711,photo,1200,633
22502731,photo,1200,798
22502761,photo,1200,798
22502771,photo,1200,798
22502791,photo,1200,798
22502801,photo,1200,798
22502821,photo,1200,798
22502841,photo,1200,798
22502851,photo,798,1200
22502871,photo,1200,798
22502971,photo,1200,798
22502981,photo,1200,798
22502991,photo,1200,798
22503001,photo,1200,798
22503081,photo,1200,800
22503101,photo,1200,800
22503121,photo,800,1200
22503171,photo,800,1200
22503201,photo,1200,800
22503211,photo,1200,800
22503231,photo,1200,800
22503241,photo,800,1200
22503251,photo,1200,800
22503261,photo,1200,800
22503271,photo,1200,800
22503321,photo,1200,800
22503331,photo,800,1200
22503371,photo,800,1200
22503381,photo,1200,800
22503391,photo,1200,647
22503411,photo,1200,800
22503461,photo,1200,590
22503471,photo,1200,798
22503481,photo,1200,799
22503511,photo,1200,798
22503521,photo,1200,798
22503541,photo,1200,798
22503631,photo,1200,798
22503661,photo,1200,798
22503681,photo,1200,798
22503691,photo,1200,716
22503701,photo,1200,798
22503731,photo,1200,798
22503801,photo,1200,797
22503821,photo,1200,800
22503841,photo,1200,800
22503851,photo,800,1200
22503931,photo,1200,800
22503961,photo,797,1200
22503981,photo,1200,797
22503991,photo,1200,797
22504081,photo,1200,798
22504101,photo,1200,574
22504111,photo,1200,798
22504131,photo,1200,798
22504141,photo,1200,798
22504241,photo,1200,675
22504281,photo,799,1200
22504291,photo,1200,799
22504331,photo,799,1200
22526101,photo,1114,740
22526111,photo,1200,798
22526121,photo,1200,798
22526131,photo,1200,798
22526141,photo,1200,798
22526151,photo,800,1200
22526211,photo,1200,722
22526221,photo,1200,800
22526241,photo,1200,800
22526251,photo,1200,800
22526271,photo,1200,648
22526281,photo,1200,663
22526311,photo,1200,683
22526351,photo,1200,800
22526371,photo,972,1200
22526391,photo,1200,800
22526401,photo,1200,797
22526421,photo,1200,800
22526431,photo,1200,800
22526441,photo,1200,800
22526451,photo,1200,797
22526461,photo,1200,797
22526491,photo,1200,800
22526501,photo,1200,800
22526541,photo,1200,800
22526561,photo,1200,800
22526571,photo,1200,797
22526581,photo,1200,800
22526591,photo,1200,800
22526601,photo,1200,800
22526621,photo,1200,800
22526641,photo,1200,800
22526681,photo,1200,800
22526691,photo,1200,773
22526701,photo,1200,800
22526711,photo,1200,797
22526731,photo,1200,797
22526741,photo,797,1200
22526771,photo,1200,800
22526781,photo,800,1200
22526831,photo,1200,679
22526851,photo,1200,797
22526861,photo,1200,800
22526881,photo,1200,797
22526901,photo,1200,706
22526911,photo,1200,798
22526941,photo,1200,798
22526951,photo,1200,798
22526961,photo,797,1200
22526981,photo,1200,800
22527011,photo,1200,800
22527021,photo,1200,800
22527061,photo,1200,797
22527091,photo,1200,797
22527101,photo,1200,797
22527111,photo,797,1200
22527181,photo,1200,800
22527191,photo,800,1200
22527251,photo,1200,798
22527261,photo,1200,798
22527271,photo,1200,798
22527311,photo,800,1200
22527331,photo,1200,797
22527361,photo,1200,797
22527371,photo,1200,800
22527411,photo,1200,798
22527421,photo,1200,798
22527431,photo,798,1200
22527441,photo,1200,798
22527461,photo,1200,798
22527471,photo,1200,798
22527481,photo,1200,798
22527491,photo,1200,798
22527501,photo,1200,628
22527521,photo,1200,798
22527701,photo,800,1200
22527711,photo,1200,800
22533831,photo,1200,675
22533841,photo,1200,675
22533871,photo,1200,798
22533881,photo,798,1200
22533901,photo,1200,799
22533911,photo,1200,798
22533921,photo,1200,798
22533941,photo,1200,798
22533951,photo,1200,798
22533971,photo,1200,798
22533981,photo,1200,798
22533991,photo,1200,798
22534061,photo,1200,798
22534071,photo,1200,798
22534081,photo,1200,798
22534091,photo,1200,798
22534101,photo,1200,798
22534111,photo,798,1200
22534121,photo,792,1200
22534131,photo,1200,798
22534141,photo,1200,675
22534151,photo,800,1200
22534161,photo,1200,800
22534171,photo,1200,800
22534181,photo,1200,799
22534191,photo,1200,844
22534201,photo,1200,805
22534221,photo,1200,609
22534251,photo,1200,798
22534271,photo,943,1200
22534281,photo,1200,698
22534291,photo,1200,798
22534321,photo,1200,798
22534331,photo,1200,810
22534361,photo,1200,798
22534371,photo,1200,919
22534421,photo,1200,798
22534441,photo,1194,1200
22534471,photo,1200,798
22534491,photo,1200,798
22534501,photo,1200,798
22534511,photo,800,1200
22534531,photo,800,1200
22534541,photo,1200,797
22534561,photo,1200,798
22534571,photo,1200,798
22534581,photo,1200,800
22534591,photo,1200,800
22534601,photo,1200,797
22534611,photo,1200,797
22534691,photo,1200,798
22534701,photo,1200,798
22534751,photo,1200,798
22534821,photo,1200,800
22535041,photo,1200,600
22535061,photo,1200,800
22535101,photo,1200,800
22535141,photo,1200,800
22535221,photo,1200,801
22535231,photo,1200,800
22535261,photo,1200,800
22535431,photo,1200,800
22535451,photo,1200,800
22535511,photo,1200,800
22535581,photo,1200,800
22535611,photo,1200,797
22535621,photo,1200,800
22535631,photo,1200,800
22535701,photo,1200,800
22535711,photo,800,1200
22535881,photo,1200,800
22535891,photo,1200,800
22535901,photo,800,1200
22535941,photo,1200,800
22536101,photo,1200,802
22536131,photo,1200,800
22536211,photo,1200,798
22536221,photo,1200,798
22536251,photo,800,1200
22536261,photo,1200,800
22536281,photo,1200,800
22536301,photo,1200,800
22536321,photo,1200,799
22536331,photo,1200,799
22536401,photo,1200,600
22536431,photo,1200,797
22553621,photo,1200,800
22553661,photo,1200,800
22553711,photo,1200,797
22568791,photo,1200,716
22568801,photo,1200,610
22568811,photo,798,1200
22568821,photo,798,1200
22568841,photo,1200,798
22568851,photo,798,1200
22568871,photo,798,1200
22568891,photo,1200,798
22571051,photo,1200,798
22571061,photo,1200,798
22571071,photo,1200,798
22571081,photo,1200,798
22571101,photo,1200,798
22571111,photo,1200,778
22571121,photo,1200,798
22571141,photo,1200,798
22571151,photo,1200,798
22571191,photo,1200,800
22571201,photo,1200,798
22571211,photo,1200,800
22571221,photo,1200,675
22571241,photo,1200,798
22571251,photo,1200,675
22571261,photo,1200,800
22571271,photo,1200,798
22571281,photo,1200,798
22573211,photo,1200,798
22573241,photo,1200,799
22573251,photo,1200,800
22573261,photo,1200,799
22573281,photo,1200,800
22573301,photo,1200,800
22573311,photo,1200,800
22573321,photo,798,1200
22573331,photo,1200,797
22573351,photo,1200,798
22573361,photo,1200,797
22573371,photo,799,1200
22573431,photo,798,1200
22573451,photo,1200,798
22573491,photo,798,1200
22574301,photo,1200,798
22574311,photo,1200,798
22574321,photo,1200,798
22574391,photo,1200,798
22574431,photo,1200,798
22574441,photo,1200,798
22574491,photo,1200,798
22574501,photo,1200,798
22574531,photo,1200,798
22574541,photo,1200,798
22574551,photo,1200,798
22574561,photo,1200,798
22574581,photo,1200,798
22574611,photo,1200,798
22574621,photo,1200,798
22575801,photo,798,1200
22575821,photo,1200,798
22575831,photo,1200,798
22575851,photo,1200,798
22575861,photo,1200,798
22575871,photo,1200,798
22575911,photo,1200,675
22575921,photo,1200,675
22575991,photo,1200,798
22576021,photo,1200,798
22576051,photo,1200,798
22576061,photo,798,1200
22576081,photo,1200,798
22576101,photo,1200,798
22576111,photo,798,1200
22576171,photo,1200,798
22576221,photo,1200,798
22576261,photo,798,1200
22576271,photo,1200,798
22576281,photo,1200,798
22576311,photo,800,1200
22576321,photo,1200,800
22576351,photo,1200,799
22576381,photo,1200,800
22576451,photo,1200,800
22576641,photo,1200,716
22576671,photo,1200,797
22576681,photo,1200,797
22576691,photo,1200,800
22576701,photo,1200,800
22576711,photo,1200,797
22576721,photo,1200,800
22576731,photo,1200,800
22576781,photo,800,1200
22576811,photo,1200,797
22576821,photo,1200,797
22576901,photo,800,1200
22576961,photo,1200,800
22577171,photo,1200,797
22577181,photo,1200,798
22577191,photo,1200,798
22577241,photo,1200,798
22577291,photo,798,1200
22577301,photo,1200,798
22577331,photo,1200,800
22577351,photo,1200,800
22577361,photo,1200,800
22577411,photo,1200,798
22577421,photo,1200,798
22577461,photo,1200,798
22577481,photo,1200,798
22577491,photo,1200,798
22577541,photo,1200,800
22577601,photo,1200,731
22577611,photo,1200,800
22577621,photo,1200,800
22577651,photo,1200,797
22577661,photo,1200,797
22577881,photo,1200,800
22577911,photo,1200,800
22577921,photo,800,1200
22577971,photo,1200,800
22577991,photo,1200,797
22578001,photo,1200,797
22578011,photo,1200,800
22578021,photo,1200,797
22578031,photo,1200,797
22578241,photo,1200,800
22585571,photo,1200,800
22585581,photo,1200,800
22585591,photo,1200,797
22585601,photo,1200,800
22585631,photo,1200,800
22586001,photo,1200,654
22586121,photo,1200,663
22586131,photo,1200,1100
22586221,photo,1200,798
22586251,photo,1200,798
22586261,photo,1200,798
22586271,photo,1200,798
22586281,photo,1200,798
22586291,photo,1200,798
22586321,photo,1200,798
22586411,photo,1200,797
22586421,photo,1200,800
22586491,photo,1200,797
22586541,photo,1200,797
22586551,photo,1200,800
22586561,photo,1200,797
22586631,photo,800,1200
22586641,photo,1200,800
22586661,photo,1200,800
22586681,photo,1200,800
22586711,photo,1200,828
22586791,photo,800,1200
22586801,photo,800,1200
22587011,photo,1200,800
22587021,photo,1200,800
22587051,photo,800,1200
22587061,photo,1200,800
22587071,photo,797,1200
22587081,photo,797,1200
22587201,photo,1200,800
22594111,photo,1200,760
22594131,photo,844,984
228752921,photo,1200,797
228752961,photo,1200,797
229460751,photo,1200,797
229460761,photo,1200,797
229460921,photo,1200,797
229460961,photo,1200,797
230155011,photo,1200,797
231065201,photo,1200,797
231073561,photo,1200,797
232090771,photo,1200,797
232090781,photo,1200,797
232090791,photo,1200,797
232090911,photo,1200,797
232090921,photo,1200,797
232090941,photo,1200,797
232090951,photo,1200,797
232090971,photo,1200,797
232091011,photo,1200,797
232091041,photo,1200,797
232091831,photo,1200,797
232533531,photo,1200,797
232533631,photo,1200,797
233068751,photo,1200,797
233068761,photo,1200,797
233068801,photo,1200,797
233068821,photo,1200,797
233068921,photo,1200,797
233068981,photo,1200,797
233069121,photo,1200,797
233069281,photo,1200,797
233069301,photo,1200,797
233069341,photo,1200,797
234518641,photo,1200,797
234518651,photo,1200,797
234518711,photo,1200,797
234518741,photo,1200,797
235354961,photo,1200,797
235354971,photo,1200,797
235354981,photo,1200,797
235354991,photo,1200,797
235355031,photo,1200,797
235355181,photo,1200,797
235746521,photo,1200,797
235746631,photo,1200,797
235747161,photo,1200,797
236024241,photo,1200,797
236024251,photo,1200,797
236024381,photo,1200,797
236256161,photo,1200,797
236334771,photo,1200,797
236334831,photo,1200,797
236334941,photo,1200,797
236335031,photo,1200,797
237180481,photo,1200,797
237180491,photo,1200,797
237180511,photo,1200,797
237306591,photo,1200,797
237306751,photo,1200,797
237306861,photo,1200,797
237658781,photo,1200,797
237658841,photo,1200,797
237658901,photo,1200,797
237658931,photo,1200,797
237658981,photo,1200,797
237927681,photo,1200,797
237927691,photo,1200,797
237928131,photo,1200,797
239842271,photo,1200,797
239842281,photo,1200,797
239842291,photo,1200,797
239842301,photo,1200,797
239842461,photo,1200,797
239842471,photo,1200,797
239842491,photo,1200,797
239842561,photo,1200,797
241761671,photo,1200,797
241761681,photo,1200,797
241778971,photo,1200,797
241778991,photo,1200,797
241779011,photo,1200,797
242887041,photo,1200,797
242887061,photo,1200,797
242887071,photo,1200,797
242887131,photo,1200,797
242887141,photo,1200,797
242887151,photo,1200,797
243051051,photo,1200,797
243051071,photo,1200,797
243340661,photo,1200,797
243341421,photo,1200,797
243341461,photo,1200,797
243767601,photo,1200,797
243767651,photo,1200,797
243767771,photo,1200,797
243767861,photo,1200,797
244805811,photo,1200,797
244805821,photo,1200,797
244805831,photo,1200,797
244805891,photo,1200,797
245859501,photo,1200,797
245859551,photo,1200,797
245859621,photo,1200,797
245859631,photo,1200,797
245901691,photo,1143,759
247737301,photo,1200,797
247737311,photo,1200,797
247737321,photo,1200,797
247737601,photo,1200,797
247737661,photo,1200,797
247861811,photo,1200,797
247861841,photo,1200,797
247861851,photo,1200,797
247861891,photo,1200,797
247861911,photo,1200,797
247861951,photo,1200,797
247861971,photo,1200,797
247862181,photo,1200,797
248252401,photo,1200,797
248252411,photo,1200,797
248252421,photo,1200,797
248252441,photo,1200,797
248323721,photo,1162,772
248323861,photo,1200,797
251312361,photo,1200,797
251312951,photo,1200,797
251312961,photo,1200,797
251312971,photo,1200,797
251313021,photo,1200,797
254555221,photo,1200,797
254555231,photo,1200,797
256642601,photo,1200,797
256642721,photo,1200,797
256642741,photo,1200,797
258443261,photo,1200,735
258447521,photo,1200,798
258447531,photo,1200,798
259030701,photo,1200,797
262475501,photo,1200,797
262475561,photo,1200,797
262475601,photo,1200,797
262475681,photo,1200,797
262475741,photo,1200,797
262642441,photo,1200,771
264510981,photo,1200,797
264511021,photo,1200,797
266001211,photo,1200,798
266002871,photo,1200,797
268187891,photo,1200,797
270246871,photo,1200,797
270250151,photo,1200,797
272991661,photo,1200,797
274727211,photo,1200,797
274727291,photo,1200,797
274727591,photo,1200,797
275243961,photo,1200,797
276494481,photo,1200,797
276713241,photo,1200,798
281736041,photo,1200,797
28273181,photo,900,1200
283906361,photo,1200,797
283906371,photo,1200,796
287852741,photo,1200,797
287852761,photo,1200,797
289861741,photo,1200,797
289861761,photo,1200,797
289861881,photo,1200,797
290131481,photo,1200,796
290133561,photo,1200,797
290135451,photo,1200,797
290136291,photo,1200,797
290141701,photo,1200,797
290197541,photo,1200,797
290197581,photo,1200,797
290197591,photo,1200,797
290406231,photo,1200,798
292505901,photo,1200,797
292507311,photo,1200,797
292507431,photo,1200,797
292646301,photo,1200,797
292646311,photo,1200,797
292646341,photo,1200,797
292646371,photo,1200,797
292646381,photo,1200,797
293729751,photo,1200,797
293729771,photo,1200,797
293729781,photo,1200,797
293729811,photo,1200,797
293729841,photo,1200,797
293730021,photo,1200,797
294167781,photo,1200,797
29630311,photo,798,1200
29630331,photo,1200,798
29630341,photo,798,1200
29630351,photo,800,1200
29630361,photo,1200,800
29630371,photo,798,1200
29630381,photo,1200,798
29630521,photo,800,1200
29630531,photo,1200,800
29630551,photo,1200,800
29630611,photo,1200,800
29630631,photo,1200,800
29630641,photo,1200,800
29630671,photo,1200,800
29630681,photo,1200,800
29630691,photo,1200,800
29630741,photo,1200,797
29630761,photo,1200,800
29630801,photo,1200,800
29630971,photo,1200,797
29630991,photo,1200,800
29631001,photo,1200,800
29631041,photo,1200,727
29631071,photo,1200,800
29631081,photo,1200,800
29631121,photo,1200,797
29631141,photo,1200,800
29631161,photo,1200,800
29631221,photo,1200,726
29631231,photo,1200,798
29631251,photo,1200,798
29631301,photo,1200,798
29631311,photo,798,1200
29631341,photo,1200,800
29631391,photo,1200,797
29631401,photo,1200,800
29631421,photo,1200,800
29631431,photo,1200,800
29631441,photo,1200,800
29631481,photo,1200,800
29631511,photo,1200,797
29631531,photo,1200,800
29631551,photo,1200,800
29631561,photo,1200,797
29631571,photo,1200,800
29631591,photo,1200,800
29631611,photo,800,1200
29631621,photo,1200,800
29631651,photo,1200,800
29631661,photo,1200,800
29631721,photo,1200,797
29631741,photo,1200,800
29631751,photo,1200,800
29631761,photo,1200,800
29631841,photo,1200,798
29631941,photo,1200,798
29631961,photo,1200,798
29632051,photo,1200,798
29632101,photo,1200,797
29632141,photo,1200,800
29632161,photo,1200,675
29632171,photo,1200,675
29632181,photo,1200,800
29632221,photo,1200,800
29632231,photo,1200,798
29632241,photo,1200,798
29632271,photo,1200,800
29632291,photo,1200,800
29632361,photo,1200,800
29632511,photo,1200,797
29632541,photo,1200,800
29632551,photo,1200,800
29632571,photo,1200,800
29632631,photo,1200,800
29632641,photo,1200,800
29632651,photo,1200,800
29632661,photo,1200,800
29632671,photo,1200,797
29632691,photo,1200,797
29632701,photo,1200,797
29632741,photo,1200,797
29632751,photo,1200,800
29632761,photo,797,1200
29632771,photo,1200,800
29632781,photo,1200,731
29632801,photo,1200,798
29632831,photo,1200,800
29632841,photo,800,1200
29632851,photo,1200,800
29632861,photo,1200,800
29632871,photo,1200,800
29632901,photo,1200,800
29632911,photo,1200,800
29632931,photo,1200,800
29632941,photo,1200,800
29632951,photo,1200,800
29632991,photo,1200,800
29633031,photo,798,1200
29633041,photo,1200,798
29633131,photo,1200,900
29633181,photo,1200,904
29633201,photo,900,1200
29633231,photo,1200,532
29633301,photo,1200,939
29633321,photo,1200,798
29633351,photo,1200,798
29633441,photo,1200,798
29633461,photo,1200,588
29633511,photo,1200,800
29633541,photo,1200,800
29633691,photo,1200,565
29633731,photo,1200,900
29633771,photo,1200,900
29633821,photo,1200,798
29633831,photo,1200,798
29633841,photo,798,1200
29634001,photo,1200,615
29634061,photo,1200,900
29634081,photo,1200,900
29634111,photo,1200,800
29634121,photo,1200,800
29634151,photo,1200,800
29634171,photo,1200,800
29634221,photo,1200,797
29634271,photo,800,1200
29634281,photo,1200,800
29634331,photo,1200,800
29634371,photo,871,1200
29634451,photo,1200,798
29634461,photo,1200,798
29634471,photo,1200,798
29634481,photo,1200,798
29634531,photo,1200,800
29634551,photo,1200,800
29634561,photo,1200,800
29634591,photo,1200,800
29651591,photo,1200,800
29651601,photo,1200,800
29651611,photo,1200,800
29651621,photo,1200,800
29651641,photo,1200,800
29651651,photo,1200,800
29651661,photo,1200,800
29651671,photo,1200,800
29651681,photo,1200,797
29651691,photo,1200,797
29651701,photo,1200,800
29651711,photo,1200,800
29651721,photo,1200,800
29651731,photo,1200,800
29651741,photo,1200,800
29651751,photo,800,1200
29651761,photo,800,1200
29651771,photo,1200,800
29652111,photo,1200,800
29652131,photo,1200,800
29652141,photo,1200,800
29652161,photo,1200,798
29652171,photo,1200,798
29652231,photo,798,1200
29652241,photo,1200,798
29652251,photo,1200,798
29652281,photo,1200,798
29682791,photo,1200,800
29682801,photo,1200,800
29682821,photo,1200,800
29682831,photo,800,1200
29682851,photo,1200,986
29682861,photo,1200,519
29683581,photo,1200,800
29683591,photo,1200,800
29683611,photo,1200,800
29683631,photo,1200,852
29683651,photo,1200,800
29683661,photo,1200,800
29683671,photo,1200,800
29683681,photo,1200,800
29683701,photo,800,1200
29683761,photo,1200,776
29683821,photo,1200,800
29683851,photo,1200,800
29683861,photo,1200,800
29683911,photo,1200,826
29683921,photo,1200,800
29683971,photo,1200,732
29683981,photo,1200,800
29683991,photo,1200,800
30140421,photo,1200,800
30140431,photo,1200,800
30140441,photo,1200,800
30140471,photo,800,1200
303083711,photo,1200,797
303083741,photo,1200,797
30316751,photo,1200,752
303184231,photo,1200,797
30806551,photo,800,1200
30806651,photo,1200,800
30806661,photo,1200,800
309067551,photo,1157,769
309067561,photo,1117,742
309069711,photo,1200,797
309070901,photo,1200,797
310883681,photo,1200,797
310883771,photo,1200,797
310883781,photo,1200,797
310883791,photo,1200,797
310883861,photo,1200,797
310883931,photo,1200,797
31149401,photo,1200,800
31149421,photo,1200,800
31149451,photo,797,1200
313641331,photo,1200,797
313641371,photo,1200,797
313641401,photo,1200,797
313641451,photo,1200,797
313641471,photo,1200,797
313641531,photo,1200,797
313641561,photo,1200,797
31496671,photo,1200,600
31496761,photo,800,1200
31496831,photo,1200,800
31496861,photo,1200,797
31496881,photo,1200,800
31496891,photo,1200,800
31496911,photo,1200,800
31497341,photo,1200,800
31497411,photo,1200,798
31497421,photo,1200,798
31497451,photo,1200,800
31497461,photo,1200,800
31497471,photo,1200,800
31497511,photo,1200,800
31497541,photo,1200,800
31497551,photo,1200,800
31497611,photo,800,1200
31497621,photo,1200,800
320412771,photo,1200,797
320412821,photo,1200,799
320412931,photo,1200,797
320412941,photo,1200,797
320413041,photo,1200,797
323297091,photo,1200,797
323298561,photo,1200,797
323299991,photo,1200,797
32543471,photo,1200,701
32543541,photo,1200,800
32543571,photo,1200,800
32543611,photo,1200,800
330265291,photo,1200,797
330265651,photo,1200,797
330265781,photo,1200,797
33889401,photo,1200,798
33889531,photo,1200,800
33889541,photo,800,1200
33889561,photo,1200,800
33889571,photo,1200,800
33889601,photo,800,1200
33889621,photo,1200,904
33889651,photo,696,1200
33889811,photo,1200,799
33889891,photo,1200,800
33889901,photo,1200,800
33889911,photo,1200,800
33889921,photo,1200,675
33889941,photo,675,1200
33889971,photo,966,1200
33890001,photo,1200,900
33890051,photo,1200,1001
33890151,photo,1200,798
33890161,photo,1200,798
33890171,photo,1200,798
33890201,photo,1200,798
33890221,photo,1200,798
33890231,photo,798,1200
33890241,photo,1200,798
33890281,photo,1200,798
33890291,photo,798,1200
33890361,photo,1200,900
33890371,photo,1200,900
33890381,photo,1200,900
33890421,photo,1200,900
33890451,photo,1200,900
33890491,photo,1200,900
33890601,photo,1200,797
33890611,photo,1200,800
33890671,photo,1200,800
33890681,photo,1200,675
33890741,photo,1200,798
33890751,photo,1200,798
33890761,photo,1200,798
33890771,photo,1200,798
33890781,photo,1200,798
33890791,photo,1000,665
33890801,photo,1200,798
33890821,photo,1200,798
33890841,photo,1200,798
33890871,photo,1200,798
33890891,photo,1200,798
33890901,photo,1200,798
33890911,photo,1200,798
33891061,photo,1200,798
33891071,photo,1200,798
33891081,photo,1100,1200
33891121,photo,1200,561
33891141,photo,1200,798
33891161,photo,1200,1188
33891211,photo,1200,506
33891311,photo,1200,798
33891411,photo,1200,798
33891501,photo,1200,800
33891521,photo,1200,600
33891731,photo,1200,798
33891741,photo,1200,798
33891751,photo,798,1200
33891761,photo,1200,798
33891771,photo,1200,798
33891781,photo,797,1200
33891841,photo,1200,798
33891851,photo,1200,798
33891861,photo,798,1200
33891921,photo,1200,800
33891931,photo,1200,800
33892051,photo,1200,798
33892071,photo,1200,774
33892131,photo,1200,798
33892231,photo,1200,797
33892241,photo,1200,800
33892271,photo,1200,800
33892321,photo,1200,800
33892361,photo,1200,797
33892371,photo,1200,797
33892381,photo,1200,800
33892391,photo,1200,797
339073581,photo,1200,797
339073671,photo,1200,797
339073751,photo,1200,825
339073841,photo,1200,797
339073851,photo,1200,797
339073861,photo,1200,797
339073881,photo,1200,817
339073901,photo,1200,797
339074041,photo,1200,797
339074071,photo,1200,797
339074141,photo,1200,797
339074161,photo,1200,797
339465171,photo,1200,797
339465241,photo,1200,797
339469061,photo,1200,797
339625711,photo,1200,797
339626051,photo,1200,782
339626091,photo,1200,797
340929901,photo,1200,797
340929971,photo,1200,797
340929991,photo,1200,797
340930001,photo,1200,797
340945621,photo,1200,797
342757601,photo,1200,797
342757681,photo,1200,797
342759691,photo,1200,797
342769361,photo,1200,797
342770681,photo,1200,797
343780191,photo,1200,797
343780201,photo,1200,797
343780211,photo,1200,797
343780221,photo,1200,797
343780231,photo,1200,797
34383791,photo,1200,798
34383801,photo,1200,798
34383811,photo,1200,980
34383831,photo,1200,882
34383841,photo,1200,798
34383851,photo,1200,798
34383861,photo,1200,798
34383881,photo,1200,798
34383891,photo,798,1200
34383901,photo,1200,798
34383931,photo,1200,800
34383951,photo,1200,798
34383961,photo,798,1200
34383981,photo,1200,798
34384001,photo,1200,798
34384011,photo,1200,800
34384021,photo,1200,800
34384031,photo,1200,800
34384041,photo,800,1200
34384051,photo,1200,797
34384071,photo,800,1200
34384081,photo,1200,797
34384091,photo,800,1200
34384101,photo,1200,800
34384111,photo,1200,783
34384121,photo,1200,797
34384131,photo,1200,600
34384141,photo,1200,600
34384151,photo,1200,797
34384161,photo,1200,675
34384171,photo,1200,814
34384181,photo,1200,675
34384191,photo,1200,675
34384221,photo,1163,773
34384231,photo,1200,800
34384241,photo,1200,800
34384251,photo,1200,800
34384311,photo,1200,543
34384331,photo,1200,820
34384371,photo,1200,798
34384381,photo,1005,668
34384391,photo,1164,774
34384421,photo,1200,798
34384431,photo,797,1200
34384441,photo,1200,798
34384461,photo,1200,800
34384481,photo,1200,800
34384491,photo,1200,800
34384501,photo,1200,800
34384511,photo,1200,800
34384531,photo,1200,800
34384541,photo,1200,797
34432481,photo,1200,798
34432541,photo,799,1200
34432561,photo,1200,798
34432571,photo,1200,798
34432581,photo,1200,798
34432591,photo,1200,798
34432601,photo,798,1200
34432611,photo,798,1200
34432621,photo,1200,798
34432631,photo,1200,798
34432651,photo,1055,1200
34432661,photo,1200,1195
34432671,photo,1200,705
34432681,photo,1200,798
34432791,photo,798,1200
34432801,photo,1200,798
34432991,photo,1200,798
34433001,photo,1200,846
34433021,photo,1200,798
34433031,photo,1200,798
34433121,photo,1200,800
34433131,photo,800,1200
34433141,photo,797,1200
34433231,photo,1200,800
34433261,photo,1200,800
34433271,photo,1200,800
34433291,photo,1200,800
34433381,photo,1200,900
34433401,photo,1200,900
34433421,photo,1200,900
34434741,photo,1200,800
34434771,photo,1200,800
34434781,photo,1200,797
34434791,photo,1200,797
34434851,photo,1200,800
34434861,photo,1200,800
34434891,photo,1200,798
34434921,photo,1200,798
34435011,photo,1200,800
34435021,photo,1200,800
34435031,photo,1200,800
34435041,photo,1200,800
34440561,photo,1200,646
34440601,photo,1200,957
34506411,photo,1200,800
34506421,photo,1200,798
34506431,photo,1200,798
34506441,photo,1200,798
34506471,photo,1200,798
34507111,photo,1200,798
34507131,photo,1200,798
34507161,photo,1200,797
34507171,photo,1200,816
34507181,photo,1200,798
34507191,photo,1200,798
34507201,photo,1200,798
34507221,photo,1200,797
34507231,photo,1200,798
34507241,photo,1200,798
34507251,photo,1200,798
34507271,photo,1200,798
34507291,photo,798,1200
34507301,photo,1200,798
34507311,photo,1200,798
34507321,photo,1200,798
34507331,photo,1200,798
34507371,photo,1200,798
34507381,photo,1200,798
34507391,photo,1200,798
34507401,photo,1200,798
34507451,photo,1200,798
34507461,photo,1200,798
34507471,photo,1200,798
34507591,photo,1200,525
34507601,photo,1200,798
34507611,photo,1200,785
34507671,photo,1200,798
34507711,photo,1200,744
34507721,photo,1200,754
34507771,photo,1200,798
34507921,photo,1200,419
34522181,photo,1200,1128
34522191,photo,1200,986
34522201,photo,1200,1141
34522401,photo,798,1200
34522531,photo,1200,798
34522571,photo,817,1200
34522601,photo,828,885
34522811,photo,1200,798
34522861,photo,800,1200
34522951,photo,1200,798
34522991,photo,1200,798
34523001,photo,1200,834
34523261,photo,1200,800
34523281,photo,1200,800
34523291,photo,1200,800
34523361,photo,1200,798
34523541,photo,1200,800
34523551,photo,1200,800
34523561,photo,800,1200
34523571,photo,1200,797
34523581,photo,1200,797
34523661,photo,1200,800
34523671,photo,1200,800
34523681,photo,1200,800
34523781,photo,1200,471
34523801,photo,1200,798
34523871,photo,1200,900
34523911,photo,1200,900
34523961,photo,1200,797
34524001,photo,1200,797
34524111,photo,1200,798
34665721,photo,1200,800
34665731,photo,1200,797
34665801,photo,1200,800
34665811,photo,1200,800
34665871,photo,1200,800
34743261,photo,1200,800
34743281,photo,1200,800
34743321,photo,1200,800
34743351,photo,1200,800
34743401,photo,1200,797
34743421,photo,1200,800
34743511,photo,1200,800
34743561,photo,1200,797
34743621,photo,1200,800
34743631,photo,1200,800
34743651,photo,1200,800
34743671,photo,1200,800
34743731,photo,1200,900
34743801,photo,1200,800
34743861,photo,1200,659
34743961,photo,1200,800
34743991,photo,1200,799
34744031,photo,1200,800
34744251,photo,1200,797
34744321,photo,1200,800
34744331,photo,1200,798
34748601,photo,1200,800
34748611,photo,1200,800
34748621,photo,1200,800
34748631,photo,1200,800
34748641,photo,1200,800
34748781,photo,1200,699
34748811,photo,1200,800
34748841,photo,800,1200
34748941,photo,1200,800
34748961,photo,1200,800
34748971,photo,1200,797
34748981,photo,1200,800
34749001,photo,797,1200
34749011,photo,800,1200
34749021,photo,1200,800
34749031,photo,1200,797
34749041,photo,797,1200
34749081,photo,1200,797
34749091,photo,1200,797
34749101,photo,1200,800
34749121,photo,1200,800
34749131,photo,1200,800
34749141,photo,1200,800
34749151,photo,1200,800
34749201,photo,800,1200
34749231,photo,1200,800
34749251,photo,1200,800
34749311,photo,1200,800
34749331,photo,1200,798
34749341,photo,1200,798
34749351,photo,1200,798
34749391,photo,800,1200
34749401,photo,800,1200
34749421,photo,1200,900
34749451,photo,1200,800
34763061,photo,1162,774
34764141,photo,1200,798
34764611,photo,1200,800
348688001,photo,1200,797
348688041,photo,1200,797
348697101,photo,1200,797
348706601,photo,1200,797
348706621,photo,1200,797
34929091,photo,1200,798
34930871,photo,1200,800
351674231,photo,638,423
351676661,photo,1200,797
351677641,photo,1200,797
351793621,photo,1200,797
351793661,photo,1200,797
351793671,photo,1200,797
351793681,photo,1200,797
351794431,photo,1200,797
351794791,photo,1200,797
351795021,photo,1200,797
351795171,photo,1200,797
355317081,photo,1200,797
355334991,photo,1200,797
355335001,photo,1200,797
355335011,photo,1200,797
355335041,photo,1200,797
360324211,photo,1200,797
360324361,photo,1200,797
360324391,photo,1200,797
360336091,photo,1008,670
360336161,photo,1200,797
360336181,photo,1200,797
360391651,photo,1200,797
360391691,photo,1200,797
360391721,photo,1200,797
360392421,photo,1200,797
360392801,photo,1200,797
360394741,photo,1200,797
360395641,photo,1200,797
362883721,photo,1200,797
362883731,photo,1200,811
362884401,photo,1200,797
365505161,photo,1200,797
365505201,photo,1200,797
365693851,photo,1200,808
365693901,photo,1200,797
365694281,photo,1200,797
366904251,photo,1200,797
366904411,photo,1200,797
370913801,photo,1200,797
370913811,photo,1200,797
370913821,photo,1200,797
370913901,photo,1200,797
370913951,photo,1200,797
370914051,photo,1200,798
373764391,photo,1200,797
373768381,photo,1200,797
373768401,photo,1200,797
373768411,photo,1200,797
378038841,photo,1200,797
378039851,photo,1200,797
378039861,photo,1200,797
381156041,photo,1200,798
381157001,photo,1200,798
382008991,photo,1200,797
386158351,photo,1200,797
386158361,photo,1200,797
38938551,photo,1200,800
38938591,photo,1200,797
38938631,photo,1200,797
38938641,photo,1200,800
391463841,photo,1200,800
391463921,photo,1200,800
391463931,photo,1200,800
39162161,photo,1200,800
393257821,photo,1200,800
395373841,photo,852,568
39600931,photo,1200,800
39600941,photo,1200,800
397285571,photo,1200,800
397285841,photo,1200,800
397285931,photo,1200,800
397285961,photo,1200,800
397286121,photo,1200,800
397286711,photo,1200,800
39830271,photo,1200,800
39830281,photo,1200,800
39830311,photo,1200,821
39830321,photo,1200,800
39869791,photo,1200,797
39869801,photo,1200,800
399120821,photo,1200,800
399125401,photo,1200,800
399126531,photo,1200,800
401588341,photo,1200,800
401588511,photo,1200,800
401588651,photo,1200,800
401616071,photo,1200,800
401616131,photo,1200,800
401616231,photo,1200,799
401616361,photo,1200,799
401618131,photo,1200,800
404455501,photo,1200,800
404455671,photo,1200,800
404455861,photo,1200,800
404456251,photo,1200,800
407047451,photo,1200,798
411666931,photo,1200,800
416234521,photo,1200,800
416234531,photo,1200,800
416234541,photo,1200,800
416237911,photo,1200,800
41652621,photo,1200,800
41652641,photo,800,1200
419402471,photo,1200,800
419403411,photo,1200,800
42637401,photo,1200,800
427066631,photo,1200,800
427066711,photo,1200,800
429346631,photo,1200,800
429387241,photo,1200,800
431283271,photo,1200,800
431283311,photo,1200,800
434980901,photo,1200,800
434980911,photo,1200,800
434980941,photo,1200,800
434980961,photo,1200,800
434980971,photo,1200,800
434981011,photo,1200,800
434981131,photo,1200,800
434981141,photo,1200,800
434981181,photo,1200,800
434981221,photo,1200,800
434981261,photo,1200,800
434981271,photo,1200,800
434981311,photo,1200,800
434981321,photo,1200,800
434981331,photo,1200,800
434981361,photo,1200,800
434981371,photo,1200,800
434981411,photo,1200,800
435155281,photo,1200,800
435155891,photo,1200,800
435156041,photo,1200,800
435156181,photo,1200,800
435156261,photo,1200,800
435156271,photo,1200,800
435156301,photo,1200,800
435156561,photo,1200,800
435156601,photo,1200,800
435156611,photo,1200,800
435156631,photo,1200,800
435156771,photo,1200,800
435156781,photo,1200,800
435156831,photo,1200,800
435156841,photo,1200,800
435156961,photo,1200,800
435157081,photo,1200,800
435157131,photo,1200,800
435157141,photo,1200,800
435157951,photo,1200,800
435157961,photo,1200,800
435252811,photo,1200,800
435252871,photo,1200,800
435252881,photo,1200,800
435252971,photo,1200,800
435253031,photo,1200,800
435253081,photo,1200,800
435566741,photo,1200,800
435568101,photo,1200,800
435569551,photo,1200,800
435571411,photo,1200,800
435657651,photo,1200,800
435657901,photo,1200,800
435658211,photo,1200,800
435660381,photo,1200,800
435662121,photo,1200,800
436162621,photo,1200,800
436206411,photo,1200,800
436207251,photo,1200,800
436361121,photo,1200,800
436362131,photo,1200,800
436805121,photo,1200,800
436806431,photo,1200,800
436940481,photo,800,1200
437271541,photo,1200,800
437272671,photo,1200,800
437653441,photo,1200,800
437653841,photo,1200,800
437654381,photo,1200,800
437664041,photo,1200,800
437828671,photo,1200,800
437828701,photo,1200,800
437828851,photo,1200,800
437830931,photo,1200,800
438266661,photo,1200,800
438266741,photo,1200,800
438266801,photo,1200,800
438268161,photo,1200,800
438269671,photo,1200,800
438269731,photo,1200,800
438270041,photo,1200,800
438270131,photo,1200,800
438496191,photo,1200,800
439462291,photo,1200,800
439462321,photo,1200,800
439462841,photo,1200,800
439462931,photo,1200,800
439463021,photo,1200,800
439463111,photo,1200,800
439463161,photo,1200,800
439463381,photo,1200,800
44829211,photo,1200,873
44829371,photo,1200,774
44829691,photo,1200,768
450793661,photo,1200,800
450793781,photo,1200,800
450793811,photo,1200,800
450793861,photo,1200,800
45201371,photo,1200,800
453273301,photo,1200,800
453275901,photo,1200,800
453275921,photo,1200,800
453275931,photo,1200,800
454761811,photo,1200,800
454772581,photo,1200,800
454946081,photo,1200,800
462196791,photo,1200,800
462196861,photo,1200,800
462196871,photo,1200,800
462196881,photo,1200,800
462196921,photo,1200,800
462196941,photo,1200,800
462197001,photo,1200,800
462345761,photo,1200,800
46258841,photo,1200,800
46258881,photo,1200,800
464261751,photo,1200,800
464261801,photo,1200,800
464261871,photo,1200,800
464261931,photo,1200,800
464274091,photo,1200,800
464277011,photo,1200,800
465027101,photo,1200,800
465042321,photo,1200,800
465042341,photo,1200,800
465042351,photo,1200,800
465042361,photo,1200,800
142444801,audio,0,0
142444811,audio,0,0
214515041,audio,0,0
348696581,audio,0,0
351592191,audio,0,0
351671761,audio,0,0
351672111,audio,0,0
351672811,audio,0,0
351761651,audio,0,0
366597921,audio,0,0
375694501,audio,0,0
375694601,audio,0,0
375796821,audio,0,0
380495071,audio,0,0
382008241,audio,0,0
393259391,audio,0,0
393298891,audio,0,0
397461601,audio,0,0
402654911,audio,0,0
416224651,audio,0,0
419045721,audio,0,0
427883801,audio,0,0
429344771,audio,0,0
435531621,audio,0,0
436100911,audio,0,0
436203321,audio,0,0
437792601,audio,0,0
439461251,audio,0,0
447501141,audio,0,0
451496501,audio,0,0
452600961,audio,0,0
452601141,audio,0,0
452601171,audio,0,0
457378691,audio,0,0
464817851,audio,0,0
465042371,photo,1200,800
465042531,photo,1200,800
465100651,audio,0,0
465101071,audio,0,0
465101381,audio,0,0
465526581,audio,0,0
465526651,audio,0,0
465526861,audio,0,0
465580561,audio,0,0
465588711,photo,1200,800
465986721,photo,1200,800
466012561,photo,1200,800
466012581,photo,1200,800
466012691,photo,1200,800
466012741,photo,1200,800
466012771,photo,1200,800
466012781,photo,1200,800
466012791,photo,1200,800
466012921,photo,1200,800
466029071,photo,1200,800
466034751,photo,1200,800
466034781,photo,1200,800
466034941,photo,1200,800
466034951,photo,1200,800
466034961,photo,1200,800
466034991,photo,1200,800
466035011,photo,1200,800
466641551,photo,1200,800
466641661,photo,583,389
466642901,photo,1200,800
466644321,photo,1200,800
466644591,photo,1200,800
466645061,photo,800,1200
466645871,photo,1200,800
466658731,photo,1200,800
466658961,photo,1200,800
466659191,photo,1200,800
466667341,photo,1200,800
466803871,photo,1200,800
467242521,photo,1200,800
467242531,photo,1200,800
467243141,photo,1200,800
467243501,photo,1200,800
467443181,audio,0,0
467459001,photo,1200,800
467459031,photo,1200,800
467459161,photo,1200,800
467459181,photo,1200,800
467459241,photo,1200,800
467459251,photo,1200,800
467459261,photo,1200,800
468549361,audio,0,0
468549411,audio,0,0
468711541,audio,0,0
468711561,audio,0,0
468711661,audio,0,0
468713461,photo,1200,800
468714251,audio,0,0
468714461,photo,1200,800
468720091,photo,1200,800
468720331,photo,1200,800
468720401,photo,1200,800
468722011,photo,1200,800
468722491,photo,1200,800
468722831,photo,1200,800
468757291,photo,1200,800
468758771,photo,1200,800
472797891,photo,1200,800
473123901,audio,0,0
474141221,photo,1200,800
474141271,photo,1200,800
474141281,photo,1200,800
474141291,photo,1200,800
474141381,photo,1200,800
474141411,photo,1200,800
474141811,photo,1200,800
474141861,photo,1200,800
474141871,photo,1200,800
474141931,photo,1200,800
474142121,photo,1200,800
478164351,audio,0,0
478164361,audio,0,0
478821561,audio,0,0
481897831,photo,1200,900
481897841,photo,1200,705
482739001,photo,1200,800
482927781,photo,1200,800
482929491,photo,1200,800
482929501,photo,1200,800
482968761,photo,1200,800
483372981,photo,1200,800
483373901,photo,1200,800
483374381,photo,1200,800
483375521,photo,1200,800
483375771,photo,1200,730
483375851,photo,1200,800
484868951,audio,0,0
487486731,photo,1200,800
487486751,photo,1200,800
487486761,photo,1200,800
487486861,photo,1200,800
494732711,photo,1200,800
494744301,photo,1200,800
494745721,photo,1200,800
494746091,audio,0,0
494747081,photo,1200,800
494748001,photo,1200,800
494749821,photo,1200,800
49632651,photo,1200,800
49632661,photo,1200,800
49632681,photo,1200,800
49633161,photo,1200,800
497534221,photo,1200,800
497534231,photo,1200,800
497534711,photo,1200,800
497718721,photo,1200,800
497719031,photo,1200,800
497719041,photo,1200,800
497719641,photo,1200,800
497720131,photo,1200,800
497720521,photo,1200,800
497721651,photo,1200,800
497736851,photo,1200,800
497738601,photo,1200,800
498018661,audio,0,0
505587101,photo,1200,800
505587191,photo,1200,800
505588871,photo,1200,800
505590221,photo,1200,800
505591321,photo,1200,800
505591941,photo,1200,800
510955421,photo,798,1200
512184031,photo,800,1200
512184771,photo,1200,800
51318941,photo,1200,800
51318951,photo,1200,800
51319071,photo,1200,800
51319081,photo,1200,800
51319091,photo,1200,800
51319101,photo,1200,800
51319291,photo,1200,800
51319301,photo,1200,800
51319321,photo,1200,800
51319341,photo,1200,800
51319351,photo,1200,800
51319371,photo,1200,800
51319411,photo,1200,800
51319431,photo,1200,800
51319441,photo,1200,800
51319451,photo,1200,800
51319461,photo,1200,800
51319471,photo,1200,800
51319481,photo,1200,800
51319531,photo,1200,800
51319591,photo,1200,797
51319631,photo,1200,800
51319671,photo,1200,800
51319681,photo,1200,800
51319731,photo,1200,800
51319741,photo,1200,800
51319751,photo,1200,800
51319761,photo,1200,800
51319991,photo,800,1200
51320001,photo,1200,800
51320011,photo,1200,800
51320021,photo,1200,797
51320041,photo,1200,797
51320051,photo,797,1200
51320061,photo,797,1200
51320081,photo,1200,797
51320091,photo,1200,800
51320101,photo,1200,800
51320111,photo,816,1200
51320121,photo,1200,800
51320131,photo,797,1200
51320141,photo,1200,800
51320151,photo,1200,800
51362901,photo,1200,800
51362911,photo,1200,800
51362991,photo,1200,800
51363021,photo,1200,800
51363031,photo,1200,797
51363071,photo,1200,800
51363091,photo,1200,797
51363101,photo,1200,800
51363121,photo,1200,800
51363131,photo,1200,800
51363181,photo,1200,800
51363211,photo,1200,797
51363271,photo,1200,800
51363281,photo,1200,800
51363291,photo,1200,797
51363351,photo,1200,800
51363371,photo,800,1200
51363431,photo,1200,800
51363461,photo,1200,800
51363471,photo,1200,800
51363521,photo,800,1200
51363591,photo,1200,800
51363671,photo,1200,827
51363691,photo,1200,800
51363701,photo,1200,800
51363721,photo,1200,800
51363741,photo,1200,800
51363841,photo,1200,800
51363941,photo,1200,800
51364021,photo,797,1200
51364051,photo,1200,800
51364161,photo,1200,800
51364171,photo,1200,800
51364231,photo,1200,619
51364251,photo,1200,798
515234371,photo,1200,798
515235051,photo,1200,798
515235431,photo,1200,798
515246841,photo,1200,797
515251211,photo,1200,798
515264401,photo,1200,800
515590571,photo,1200,798
515591081,photo,1200,800
517107171,audio,0,0
517229051,photo,1200,800
517229331,photo,1200,800
517231081,photo,1200,800
517232761,photo,1200,800
517234131,photo,1200,800
517235221,photo,1200,800
518300451,photo,800,1200
519617561,photo,1200,798
520047841,photo,1200,800
520261551,photo,1200,800
520948621,photo,1200,675
527136331,photo,1200,800
527136341,photo,1200,800
529944431,audio,0,0
531551011,photo,1200,800
531551061,photo,1200,800
531551121,photo,1200,800
531551171,photo,1200,800
537231121,photo,1200,800
537231191,photo,1200,800
537686371,audio,0,0
537687041,audio,0,0
537690151,photo,1200,800
537693361,photo,1200,800
537698901,photo,1200,800
537715261,photo,1200,800
537716681,photo,1200,800
537717891,photo,1200,800
537733711,photo,1200,800
538019431,audio,0,0
538020251,photo,1200,800
538020951,photo,1200,800
538021751,photo,1200,800
538022651,photo,1200,800
538023731,photo,1200,800
538111101,photo,1200,800
538112621,photo,1200,800
538113341,photo,1200,800
538114091,photo,1200,800
538117171,photo,1200,800
538146051,photo,1200,800
538146441,photo,1200,800
538147571,photo,1200,800
538148401,photo,1200,800
538149181,photo,1200,800
538160021,photo,1200,800
538162681,photo,1200,800
538163421,photo,1200,800
538163911,photo,1200,800
538169391,photo,1200,800
538305951,photo,1200,800
538314401,audio,0,0
538813031,photo,1200,800
538813821,photo,1200,800
538814871,photo,1200,800
538851671,photo,1200,800
538851741,photo,1200,800
538851891,photo,1200,800
538854031,photo,1200,800
538854171,photo,1200,800
538854651,photo,1200,800
538919931,photo,1200,800
538920161,photo,1200,800
539140241,photo,1200,800
539140871,photo,1200,800
539511961,photo,1200,800
539519631,audio,0,0
539545521,photo,1200,800
539675581,photo,1200,800
539676251,photo,1200,800
539933971,audio,0,0
540020591,photo,1200,800
540020891,photo,1200,800
540021371,photo,1200,800
540021701,photo,1200,800
540022371,photo,1200,800
540369241,photo,1200,800
540370271,photo,1200,800
540371351,photo,1200,800
540371901,photo,1200,800
540372331,photo,1200,800
540372671,photo,1200,800
540373141,photo,1200,800
540576271,photo,1200,800
541167681,photo,1200,800
541203631,photo,1200,800
547556701,audio,0,0
547556711,audio,0,0
548946461,audio,0,0
550411711,photo,900,1200
550689471,photo,1200,800
550899741,photo,1200,800
550900491,photo,1200,800
550901511,photo,1200,800
550903291,photo,1200,800
550903731,photo,1200,800
551008011,audio,0,0
551023951,photo,1200,800
551280611,photo,1200,800
551280661,photo,1200,800
551336691,photo,1200,800
551336761,photo,1200,800
551338171,photo,1200,800
551427041,photo,1200,800
551443791,photo,1200,800
551447311,photo,1200,800
551448481,photo,1200,800
551449281,audio,0,0
551450581,photo,1200,800
551478311,photo,1200,800
551490861,photo,1200,800
551501681,photo,1200,800
551506771,photo,1200,800
551526271,photo,1200,800
551527391,photo,1200,800
551528931,photo,1200,800
551529561,photo,1200,800
551536761,photo,1200,800
551541441,photo,1200,800
551969771,photo,1200,800
551969851,photo,1200,800
551970071,photo,1200,800
551970121,photo,1200,800
551970241,photo,1200,800
551970281,photo,1200,800
551970421,photo,1200,800
551970461,photo,1200,800
551970501,photo,1200,800
551970561,photo,1200,800
551970621,photo,1200,800
551970661,photo,1200,800
552053911,photo,1200,800
552054011,photo,1200,800
552054131,photo,1200,800
552054221,photo,1200,800
552054281,photo,1200,800
552054431,photo,1200,800
552514411,audio,0,0
56074131,photo,1200,800
56074361,photo,1200,800
56174671,photo,1200,800
56174701,photo,1200,800
56174811,photo,1200,800
56174821,photo,1200,800
56174881,photo,1200,800
56174911,photo,1200,800
56174921,photo,800,1200
56260801,photo,1200,800
56260811,photo,1200,800
56260821,photo,1200,800
56260841,photo,800,1200
56260921,photo,1200,800
56261431,photo,1200,800
56261461,photo,1200,800
56261491,photo,1200,800
56261511,photo,1200,800
562835501,audio,0,0
56288721,photo,1200,797
56288751,photo,1200,800
56288821,photo,1200,800
56288861,photo,1200,800
56291681,photo,1200,800
56291701,photo,1200,800
56292301,photo,1200,797
56292351,photo,1200,800
56292361,photo,1200,800
571291361,photo,1200,800
575025281,photo,1200,800
575025591,photo,1200,800
575026051,photo,1200,800
575026061,photo,1200,800
575026651,photo,1200,800
575026821,photo,1200,800
576031631,audio,0,0
576031641,audio,0,0
58123211,photo,1200,800
58123221,photo,1200,800
58123251,photo,1200,800
583692461,photo,1200,900
583692471,photo,1200,900
586881761,photo,1200,800
586902591,photo,1200,800
586965331,photo,1200,800
586965341,photo,1200,800
586965361,photo,1200,800
586965471,photo,1200,800
586966181,photo,1200,800
586966831,photo,1200,800
586967991,photo,1200,800
586982281,audio,0,0
586982411,audio,0,0
587059801,photo,1200,800
587610871,photo,1200,800
587610991,photo,1200,800
58816691,photo,1200,800
58816701,photo,1200,800
58816711,photo,1200,837
58816731,photo,1200,797
58816751,photo,1200,800
592886881,photo,1200,800
592886891,photo,1200,800
592886921,photo,1200,800
592887071,photo,1200,800
592887181,photo,1200,800
596417611,photo,1200,800
596419131,photo,1200,800
596419841,photo,1200,800
596420341,photo,1200,800
596423541,photo,1200,800
596428981,photo,1200,800
596429671,photo,1200,800
596430031,photo,1200,800
596565471,photo,1200,800
596574901,photo,1200,800
596575231,photo,1200,800
597053391,photo,1200,800
597054591,photo,1200,800
597057151,photo,1200,800
597242251,photo,1200,800
597242761,photo,1200,800
597243021,photo,1200,800
597243671,photo,1200,800
597244251,photo,1200,800
597244531,photo,1200,800
597250161,photo,1200,800
597527811,photo,1200,800
597527821,photo,1200,800
597527841,photo,1200,800
597615231,photo,1200,800
597788411,photo,1200,800
598036731,photo,1200,800
598036741,photo,1200,800
598052811,photo,1200,800
598053051,photo,1200,800
598053341,photo,1200,800
598053721,photo,1200,800
598055341,photo,1200,800
598284931,photo,1200,800
598288891,photo,1200,800
598290261,photo,1200,800
598309601,photo,1200,800
598309891,photo,1200,800
598310281,photo,1200,800
598310941,photo,1200,800
598318091,audio,0,0
599609771,photo,1200,800
599609791,photo,1200,800
599609831,photo,1200,800
599609851,photo,1200,800
599609871,photo,1200,800
599609881,photo,1200,800
599609891,photo,1200,800
599609911,photo,1200,800
599609921,photo,1200,800
599610011,photo,1200,800
599610061,photo,1200,800
599618111,photo,1200,800
59973861,photo,1200,800
59973871,photo,1200,800
59973881,photo,1200,797
59973941,photo,1200,800
599885991,photo,1200,800
599886571,photo,1200,800
599887001,photo,1200,800
599900381,photo,1200,881
599900791,photo,1200,752
599901291,photo,1200,800
599901311,photo,1200,800
599901351,photo,1200,800
599974461,photo,1200,800
599974471,photo,1200,800
599974481,photo,1200,800
599974491,photo,1200,800
599974501,photo,1200,800
599974511,photo,1200,800
599974521,photo,1200,800
599974551,photo,1200,800
600161571,photo,1200,800
600161581,photo,800,1200
600161591,photo,1200,800
600161601,photo,1200,767
600759791,photo,1200,800
600761231,photo,1200,800
600761791,photo,1200,800
600761931,photo,1200,800
600762191,photo,1200,800
600762431,photo,1200,800
601235391,photo,1200,800
601236091,photo,1200,800
601236471,photo,1200,800
601237031,photo,1200,800
601391321,photo,1200,800
601391361,photo,1200,800
601391601,photo,1200,800
601391621,photo,1200,800
60549681,photo,1200,800
60549691,photo,1200,800
608220561,audio,0,0
608610563,photo,1200,800
608611934,photo,1200,800
608612452,photo,1200,800
608613724,photo,1200,800
608613840,photo,1200,800
608613894,photo,1200,800
608613944,photo,1200,800
608632598,photo,1200,800
608632600,photo,1200,800
608632601,photo,1200,800
608632604,photo,1200,800
608632605,photo,1200,800
608632607,photo,1200,800
608632608,photo,1200,800
608679995,photo,1200,800
608680004,photo,1200,800
608680008,photo,1200,800
608680013,photo,1200,800
608680063,photo,1200,800
608680075,photo,1200,800
608680080,photo,1200,800
608680084,photo,1200,800
608680094,photo,1200,800
608680103,photo,1200,800
608680143,photo,1200,800
608680146,photo,1200,800
608684974,photo,1200,800
608685038,photo,800,1200
609974341,photo,1200,800
610524929,photo,1200,800
610525365,photo,1200,800
610526713,photo,1200,800
610526725,photo,1200,800
610526726,photo,1200,800
610526840,photo,1200,800
610531031,photo,1200,797
610531035,photo,1200,797
610531069,photo,1200,797
610531077,photo,1200,797
611553435,photo,1200,800
611572263,photo,1200,800
611580314,photo,1200,800
611580320,photo,1200,800
611580330,photo,1200,800
611835615,photo,1200,798
612711369,photo,1200,800
612798145,photo,1200,800
612802742,photo,1200,798
612981793,photo,1200,800
612981812,photo,1200,800
612981828,photo,1200,800
612981831,photo,1200,800
613004141,photo,1200,798
613004175,photo,1200,798
613004192,photo,1200,798
613004255,photo,1200,798
613004256,photo,1200,798
613004260,photo,1200,798
613183984,photo,1200,800
613185009,photo,1200,800
613213426,photo,1200,800
613213557,photo,1200,800
613238189,photo,1200,800
613238599,photo,1200,800
61370101,photo,1200,800
61372621,photo,1200,800
61372631,photo,1200,800
61372641,photo,1200,800
61372651,photo,1200,800
614111184,photo,1200,800
614111185,photo,1200,800
614111186,photo,1200,800
615321049,photo,1200,800
615321050,photo,1200,800
615330819,photo,1200,800
615331016,photo,1200,800
615370840,photo,1200,800
615370848,photo,1200,800
615370849,photo,1200,800
615414918,photo,1200,800
615414981,photo,1200,600
615415126,photo,1200,800
615415212,photo,1200,800
615415289,photo,1200,800
615415406,photo,1200,800
615415487,photo,1200,800
615415584,photo,1200,800
615426310,photo,1200,800
615426574,photo,1200,800
615426575,photo,1200,800
615426784,photo,1200,800
615426785,photo,1200,800
615426800,photo,800,1200
615445393,photo,1200,800
615445630,photo,1200,800
615445633,photo,1200,800
615445861,photo,1200,800
615446223,photo,1200,800
615447371,photo,1200,800
615447415,photo,1200,800
615447546,photo,1200,800
615450232,photo,1200,800
615450495,photo,1200,800
615450958,photo,1200,800
615521918,photo,1200,800
615521923,photo,1200,800
615521931,photo,1200,800
615522029,photo,1200,800
615522048,photo,1151,767
615558572,photo,1200,800
615558581,photo,1200,800
615558677,photo,1200,800
615560826,photo,1200,800
615560829,photo,1200,800
615560845,photo,1200,800
615578090,photo,1200,800
615578145,photo,1200,800
615578507,photo,1200,800
615594217,photo,1200,800
615594220,photo,1200,800
615594436,photo,1200,800
615594783,photo,1200,800
615595002,photo,1200,800
615595016,photo,1200,800
615595138,photo,1200,800
615597119,photo,1200,800
615597126,photo,1200,800
615607784,photo,1200,800
615612408,photo,1200,800
615612416,photo,1200,800
615612417,photo,1200,800
615612444,photo,1200,800
615613552,photo,1200,800
615650896,photo,1200,800
615790956,photo,1200,800
615790957,photo,1200,800
615790958,photo,1200,800
616038955,audio,0,0
616782045,photo,1037,1200
61824331,photo,1200,777
618922139,photo,1200,800
618922159,photo,1200,800
618922174,photo,1200,800
618922175,photo,1200,800
619144206,photo,797,1200
619144348,photo,1200,797
619291996,audio,0,0
619297276,photo,1200,800
619303494,photo,1200,800
619303612,photo,1200,800
619303744,photo,1200,800
619303910,photo,1200,800
619307306,photo,1200,800
619391197,audio,0,0
619391215,audio,0,0
619640893,photo,1200,799
619641316,photo,1200,800
619641343,photo,1200,800
619729115,photo,1200,800
619729499,photo,1200,800
62069861,photo,1200,800
62069871,photo,1200,800
62069881,photo,1200,800
62069901,photo,1200,800
620935893,photo,1200,800
620935895,photo,1200,800
620935935,audio,0,0
620936184,photo,1200,800
620936271,photo,1200,800
620936330,photo,1200,800
620936427,photo,1200,800
620936453,photo,1200,800
620936530,photo,1200,800
620948213,photo,1200,800
620948214,photo,1200,800
620948238,photo,1200,800
620948244,photo,1200,800
620948255,photo,1200,800
620962742,photo,1200,800
620966759,photo,1200,800
620966819,photo,1200,800
620966894,photo,1200,800
620967277,photo,1200,800
620967354,photo,1200,800
620967419,photo,1200,800
620970310,photo,1200,800
621062273,audio,0,0
621207441,audio,0,0
621374843,photo,1200,800
621374884,photo,1200,800
621374920,photo,1200,800
621396405,photo,1200,800
621396499,photo,1200,800
621396500,photo,1200,800
621396529,photo,1200,800
621396724,photo,1200,800
621398885,photo,1200,800
621398927,photo,1200,800
621569008,audio,0,0
621569083,photo,1200,800
621569105,photo,1200,800
621569131,photo,1200,800
621569735,photo,1200,800
621569756,photo,1200,800
621570147,photo,1200,800
621641064,photo,1200,800
621647161,photo,1200,800
621647408,photo,1200,800
621647409,photo,1200,800
621673415,photo,1200,800
621673422,photo,1200,800
621675350,photo,1200,800
621675473,photo,1200,800
621676560,photo,1200,800
621676714,photo,1200,800
621679535,photo,1200,800
621679614,photo,1200,800
621680308,photo,1200,800
621680450,photo,1200,800
621680506,photo,1200,800
621703277,photo,1200,800
621703311,photo,1200,800
621703359,photo,1200,800
621704073,photo,1200,800
621739786,photo,1200,800
621739790,photo,1200,800
621739798,photo,1200,800
621739926,photo,1200,800
621754364,photo,1200,800
621754497,photo,1200,800
621754696,photo,1200,800
621755346,photo,1200,800
621755388,photo,1200,800
621755434,photo,1200,800
621759519,photo,1200,800
621786548,audio,0,0
621818391,audio,0,0
621818506,photo,1200,800
621819927,photo,1200,800
621835123,photo,1200,800
621835143,audio,0,0
621835200,photo,1200,800
621837748,photo,1200,800
621907839,photo,1200,800
621907859,photo,1200,800
621907864,photo,1200,800
621907867,photo,1200,800
621907872,photo,1200,800
621907875,photo,1200,800
621907884,photo,1200,800
621908070,photo,1049,699
621908371,photo,1200,800
621908472,photo,1200,800
621914936,photo,1200,800
622046260,photo,1200,800
622046605,photo,1200,800
622062705,photo,1200,800
622062802,photo,1200,800
622076809,photo,1184,789
622076834,photo,1200,800
622076838,photo,1200,800
622076846,photo,1200,600
622076847,photo,1200,800
622076849,photo,1200,800
622133358,photo,1200,800
622133429,photo,1200,800
622133537,photo,1200,800
622158973,audio,0,0
622196233,audio,0,0
622236794,audio,0,0
622237312,photo,1200,800
622239692,photo,1200,800
622239806,photo,1200,800
622401982,photo,1200,800
622613426,photo,1200,800
622613445,photo,1200,800
622613704,photo,1200,800
622700281,photo,1200,800
622741767,photo,1200,800
622742129,photo,1200,800
62305101,photo,798,1200
624479083,photo,1200,800
624479084,photo,1200,800
624479092,photo,1200,800
624479226,photo,1200,800
624479314,photo,1200,800
624479463,photo,1200,800
624479526,photo,1200,800
624479615,photo,1200,800
624479683,photo,1200,800
624499115,audio,0,0
625020442,photo,1200,800
625020580,photo,1200,800
625363065,photo,1200,800
625363066,photo,1200,800
62726591,photo,1200,800
62726601,photo,1200,800
62726611,photo,1200,797
627923895,photo,965,643
627924229,photo,1200,800
627924409,photo,1200,800
627963894,photo,1200,800
627963896,photo,1200,800
627963902,photo,1200,800
627963950,photo,1200,800
627969727,photo,1200,800
627969728,photo,1200,800
628099974,photo,1200,800
628099976,photo,1200,800
628099992,photo,1200,800
628686776,photo,1200,800
628686789,photo,1200,800
628686812,photo,1200,800
628686813,photo,1200,800
629034237,audio,0,0
629547904,photo,900,1200
629727362,photo,1200,800
629727363,photo,1200,800
629727390,photo,1200,800
629727391,photo,1200,800
629727392,photo,1200,800
629727395,photo,1200,800
630075676,photo,1200,800
630075677,photo,1200,800
630075692,photo,1200,800
630075697,photo,1200,800
63145451,photo,1200,800
63145471,photo,800,1200
63597001,photo,1200,800
63597011,photo,1200,800
63597021,photo,1200,800
63624511,photo,1200,800
63624561,photo,1200,800
63624591,photo,1200,797
63837021,photo,1200,1085
63909581,photo,1200,800
63909591,photo,1200,800
64638541,photo,1200,800
64638551,photo,1200,800
65478141,photo,1200,800
65482241,photo,774,516
65560211,photo,1183,789
65560411,photo,1200,800
65560431,photo,1200,800
65560631,photo,1200,800
65560681,photo,1200,800
65560711,photo,1200,800
65560761,photo,1200,800
65560791,photo,1200,800
65560811,photo,1200,800
65721011,photo,1200,800
65721131,photo,1200,800
66386401,photo,1200,800
66386661,photo,1200,800
66386971,photo,1200,800
66387041,photo,1200,800
66387081,photo,1200,800
66387101,photo,1200,800
66387111,photo,1200,800
66388331,photo,1200,800
71427171,photo,1200,625
71427181,photo,1200,562
71488381,photo,1200,800
71488401,photo,1200,800
71488601,photo,1200,800
72128931,photo,1200,800
72128981,photo,1200,800
72129111,photo,1200,800
73504041,photo,1200,798
73504051,photo,1200,798
73507041,photo,1200,768
73507771,photo,1200,650
73508461,photo,1200,800
73572881,photo,1200,800
73572921,photo,1200,797
73572931,photo,1200,797
73602991,photo,1200,800
73603011,photo,1200,800
73603141,photo,1200,800
73603151,photo,1200,800
73603161,photo,1200,800
73603171,photo,1200,800
73634241,photo,1200,764
73634291,photo,1200,798
73634301,photo,1200,662
73634471,photo,1200,798
73634531,photo,1200,672
73634541,photo,1200,798
74432791,photo,1200,800
74432911,photo,1200,800
74432921,photo,1200,800
74432941,photo,1200,800
74432951,photo,1200,800
74432971,photo,1200,800
74433041,photo,1200,800
74433051,photo,1200,800
74433071,photo,1200,800
74433091,photo,1200,800
74433141,photo,1200,800
74433161,photo,1200,800
74433171,photo,1200,800
74433221,photo,1200,800
74433251,photo,1200,800
74433301,photo,1200,797
74433541,photo,1200,800
74433551,photo,1200,800
74433561,photo,1200,800
74433581,photo,1200,800
74433601,photo,1200,800
74433661,photo,1200,800
74433671,photo,800,1200
74433691,photo,1200,800
74433721,photo,797,1200
74433751,photo,1200,800
74433781,photo,1200,797
74433811,photo,1200,800
74433821,photo,1200,800
74433851,photo,1200,800
74433891,photo,1200,800
74433901,photo,1200,800
74433911,photo,1200,800
74433921,photo,1200,800
74433941,photo,1200,800
74433961,photo,1200,800
74435531,photo,1200,800
74435551,photo,1200,800
74435571,photo,1200,800
74435581,photo,1200,800
74435591,photo,1200,800
74435611,photo,1200,800
74435631,photo,1200,800
74435671,photo,1200,797
74435681,photo,1200,800
74435691,photo,800,1200
74435701,photo,1200,800
74435711,photo,1200,800
74435751,photo,1200,800
74435761,photo,1200,800
74435771,photo,1200,800
74435781,photo,1200,800
74435791,photo,1200,800
74438801,photo,1200,800
74443071,photo,1200,800
74531051,photo,1200,800
74729891,photo,1200,800
74828581,photo,1200,800
74828611,photo,1200,800
74828651,photo,1200,800
74828801,photo,1200,800
74828811,photo,1200,800
74828821,photo,1200,800
74828831,photo,1200,800
74828881,photo,1200,800
74828891,photo,1200,800
74828901,photo,1200,800
74828911,photo,1200,800
74828921,photo,1200,800
74828951,photo,1200,800
74828981,photo,1200,800
74828991,photo,1200,800
74829011,photo,1200,800
74829021,photo,1200,800
74829051,photo,1200,797
74829071,photo,1200,800
74829101,photo,1200,800
74829111,photo,1200,800
74829121,photo,1200,800
74829131,photo,1200,800
74829141,photo,1200,800
74829161,photo,1200,800
74829181,photo,1200,800
74829191,photo,1200,800
74829241,photo,1200,800
74829251,photo,1200,800
74829261,photo,1200,800
74829271,photo,1200,800
74829291,photo,1200,798
74829311,photo,1200,800
74829331,photo,1200,800
74829341,photo,1200,800
74829351,photo,1200,800
74829361,photo,1200,800
74829371,photo,1200,800
74829381,photo,1200,800
74829391,photo,1200,800
76413651,photo,1200,800
77193441,photo,1200,800
79537181,photo,1200,800
84808911,photo,1200,800
84808921,photo,1200,800
84808931,photo,1200,800
84808941,photo,1200,800
84808981,photo,1200,800
84813461,photo,1200,800
84813471,photo,1200,800
84813481,photo,1200,800
84813521,photo,1200,800
84814461,photo,1200,800
84814491,photo,1200,800
87498741,photo,1200,800
87498771,photo,1200,800
89351031,photo,1200,797
92252081,photo,1200,800
92252111,photo,1200,800
92252141,photo,1200,800
92252161,photo,1200,800
92252251,photo,1200,800
92252261,photo,1200,797
92268691,photo,1200,800
96941071,photo,1200,800
96941081,photo,1200,800
96941181,photo,1200,800
98622131,photo,886,591
98622601,photo,1200,800
98625641,photo,1200,800
98625731,photo,1200,800
99273411,photo,1200,800
99277371,photo,1200,800
99277381,photo,1200,800
99277521,photo,1200,800
99277531,photo,1200,800
99277551,photo,1200,797
99277891,photo,1200,800
631177205,photo,1200,800
631177221,photo,1200,800
631360445,photo,1200,800
631703590,photo,1200,800
631703695,photo,1200,800
631704062,photo,1200,800
631704228,photo,1200,800
631704488,photo,1200,800
631714506,photo,800,1200
631803857,photo,1200,797
634343176,audio,0,0
634396281,audio,0,0
634567939,photo,1200,800
634629185,photo,1200,800
634629187,photo,1200,800
634629188,photo,1200,800
634629189,photo,1200,800
634629190,photo,1200,800
